1.000000000000000000e+00 0.000000000000000000e+00
1.000544340000000032e+00 -1.603999999999999870e-02
1.001064511000000046e+00 -7.570880500000000402e-02
1.001587073999999911e+00 -6.383920299999999715e-02
1.002148478999999925e+00 -2.903240299999999829e-02
1.002645967999999943e+00 -7.153840399999999988e-02
1.003199680999999899e+00 -1.230268090000000009e-01
1.003746489000000075e+00 -8.902200799999999969e-02
1.004269137999999950e+00 -8.597440500000000374e-02
1.004795968000000039e+00 -4.956360299999999774e-02
1.005328181000000098e+00 2.149360300000000001e-02
1.005886351000000012e+00 -1.445204109999999875e-01
1.006380330000000045e+00 -7.635040599999999567e-02
1.006920999999999955e+00 4.747840400000000183e-02
1.007457733999999938e+00 2.245599999999999940e-03
1.008000926000000019e+00 -4.427040399999999931e-02
1.008529382999999946e+00 3.400480399999999959e-02
1.009070627999999914e+00 8.340800600000000675e-02
1.009587371999999927e+00 5.132800299999999705e-02
1.010125245000000005e+00 3.256120299999999690e-02
1.010646468000000020e+00 1.459640199999999964e-02
1.011198553000000055e+00 1.443601000000000086e-03
1.011713979000000041e+00 1.318488110000000102e-01
1.012247329999999890e+00 1.262348120000000018e-01
1.012801701999999970e+00 1.595980029999999883e-01
1.013336808999999894e+00 1.831768249999999876e-01
1.013835394000000001e+00 2.229560230000000032e-01
1.014367318999999990e+00 2.969004250000000233e-01
1.014946329999999897e+00 3.195168139999999823e-01
1.015432117000000023e+00 3.872056190000000009e-01
1.015970701999999948e+00 4.138320449999999817e-01
1.016533681000000078e+00 4.367692360000000051e-01
1.017051861999999973e+00 5.144028470000000519e-01
1.017562999999999995e+00 4.824832290000000135e-01
1.018113660000000031e+00 7.007876699999999737e-01
1.018647968000000015e+00 7.652684549999999586e-01
1.019152872000000043e+00 8.193232719999999913e-01
1.019713808999999971e+00 9.466808880000000537e-01
1.020265946999999951e+00 9.506908720000000201e-01
1.020769999999999955e+00 1.045808094999999938e+00
1.021312052999999942e+00 1.153115684000000085e+00
1.021832947000000047e+00 1.259781695000000035e+00
1.022383510999999912e+00 1.364683309999999983e+00
1.022893127999999985e+00 1.490436915999999945e+00
1.023431999999999897e+00 1.471188906999999935e+00
1.023983701999999996e+00 1.633674132999999973e+00
1.024485244999999933e+00 1.748520526999999936e+00
1.025026723000000084e+00 1.805783337000000044e+00
1.025583138000000005e+00 1.987837346999999921e+00
1.026108361999999996e+00 2.170372572999999861e+00
1.026617074000000018e+00 2.363654595999999941e+00
1.027182245000000105e+00 2.441448595000000221e+00
1.027723914999999932e+00 2.666489769000000010e+00
1.028230584999999975e+00 2.812774752000000156e+00
1.028762085000000104e+00 2.965154731000000154e+00
1.029311596000000106e+00 3.155068347999999911e+00
1.029832201999999919e+00 3.423577766000000189e+00
1.030338254999999981e+00 3.528960704999999809e+00
1.030896435999999916e+00 3.877670338999999800e+00
1.031436872000000005e+00 4.059724429000000079e+00
1.031946350999999984e+00 4.300645043000000278e+00
1.032491680999999994e+00 4.650317270999999586e+00
1.033028124000000103e+00 4.834456398999999571e+00
1.033553723000000035e+00 5.106494881999999791e+00
1.034075137000000089e+00 5.522411996999999850e+00
1.034631268000000048e+00 5.769267755999999636e+00
1.035163811000000100e+00 6.119260490000000274e+00
1.035679945000000046e+00 6.488822114999999613e+00
1.036210300000000029e+00 6.881321039000000361e+00
1.036746313999999947e+00 7.276065388000000134e+00
1.037286844999999902e+00 7.722137777000000369e+00
1.037808735000000038e+00 8.069885085999999319e+00
1.038373519999999939e+00 8.481792243999999314e+00
1.038881143000000007e+00 9.031483040999999545e+00
1.039402318999999908e+00 9.386448326000000009e+00
1.039933910000000017e+00 9.936299509999999557e+00
1.040481004000000098e+00 1.043546446999999944e+01
1.040980398999999945e+00 1.101932049999999919e+01
1.041540238999999923e+00 1.151222980999999912e+01
1.042072211000000026e+00 1.219729816000000078e+01
1.042619305000000107e+00 1.262925538000000003e+01
1.043127831000000061e+00 1.323652987000000003e+01
1.043675115999999958e+00 1.385423034999999992e+01
1.044215885000000066e+00 1.435195155999999983e+01
1.044721320000000064e+00 1.501616791999999911e+01
1.045264514999999950e+00 1.573620370999999984e+01
1.045808328999999981e+00 1.625766415000000009e+01
1.046319137000000010e+00 1.696438643000000113e+01
1.046866802000000041e+00 1.761416711000000035e+01
1.047412137000000021e+00 1.826218298999999945e+01
1.047929984000000037e+00 1.891725672000000102e+01
1.048457009999999912e+00 1.960040043000000054e+01
1.048986079999999932e+00 2.024504789999999943e+01
1.049545015999999942e+00 2.088488373999999936e+01
1.050073468999999982e+00 2.165785144999999901e+01
1.050598448999999990e+00 2.224443405999999968e+01
1.051117913999999987e+00 2.292982346000000149e+01
1.051668241000000004e+00 2.369573357999999885e+01
1.052196171000000069e+00 2.420468272000000098e+01
1.052733563999999955e+00 2.495679842999999920e+01
1.053256975999999900e+00 2.565421770000000024e+01
1.053765500999999993e+00 2.630207319000000155e+01
1.054304986000000000e+00 2.695875161000000020e+01
1.054857122000000036e+00 2.777358206999999979e+01
1.055390615000000087e+00 2.841919293999999852e+01
1.055926391000000075e+00 2.907138077999999837e+01
1.056441812999999952e+00 2.981755946999999907e+01
1.056951433000000051e+00 3.044697011999999958e+01
1.057512985000000016e+00 3.113236033000000091e+01
1.058055133000000092e+00 3.189025052999999943e+01
1.058578926000000031e+00 3.251083718999999661e+01
1.059095582999999952e+00 3.322702395000000308e+01
1.059650905000000032e+00 3.389139962000000139e+01
1.060166898000000080e+00 3.457213697000000252e+01
1.060705051000000010e+00 3.519433019000000229e+01
1.061231648999999999e+00 3.592206431000000322e+01
1.061773560000000005e+00 3.652131889000000342e+01
1.062296066999999899e+00 3.714126506000000205e+01
1.062837217000000001e+00 3.784509983000000233e+01
1.063380887999999969e+00 3.843585333000000048e+01
1.063898353999999991e+00 3.914113319999999874e+01
1.064428995000000100e+00 3.976797389000000038e+01
1.064977944000000010e+00 4.035006753999999773e+01
1.065492413999999943e+00 4.093632964999999757e+01
1.066023149000000059e+00 4.160519671000000130e+01
1.066574761999999899e+00 4.220156376999999992e+01
1.067101738999999938e+00 4.278381619000000313e+01
1.067628669999999946e+00 4.341242490999999859e+01
1.068179235999999976e+00 4.396660683000000347e+01
1.068711017999999902e+00 4.462216118999999992e+01
1.069221779000000039e+00 4.526969617000000312e+01
1.069760360999999937e+00 4.578682480999999882e+01
1.070316253000000106e+00 4.640083718999999718e+01
1.070812936999999909e+00 4.697314343000000036e+01
1.071343339000000006e+00 4.752090984000000162e+01
1.071913023000000020e+00 4.813251371999999861e+01
1.072421027000000082e+00 4.866616549999999819e+01
1.072942440000000053e+00 4.916533126000000209e+01
1.073494195999999956e+00 4.974341253000000052e+01
1.074020935000000065e+00 5.032550349000000267e+01
1.074542160000000024e+00 5.082723654000000124e+01
1.075064524000000077e+00 5.142632964999999956e+01
1.075630783999999895e+00 5.207194051999999829e+01
1.076157999999999948e+00 5.250084795000000071e+01
1.076638466999999988e+00 5.302375430000000023e+01
1.077224415999999962e+00 5.359990876999999898e+01
1.077743595000000054e+00 5.413372200999999961e+01
1.078258968999999956e+00 5.459647497000000271e+01
1.078821661999999959e+00 5.519893729000000349e+01
1.079357295999999966e+00 5.569730111999999878e+01
1.079872098999999919e+00 5.620400457000000216e+01
1.080387662999999998e+00 5.669579144000000070e+01
1.080942700000000034e+00 5.723377313999999672e+01
1.081492219000000032e+00 5.773021016999999944e+01
1.081986050000000033e+00 5.822744912999999656e+01
1.082537805000000075e+00 5.844479305000000124e+01
1.083100308999999983e+00 5.545509713999999946e+01
1.083601605999999995e+00 5.614160952000000293e+01
1.084100904999999893e+00 5.663933019000000257e+01
1.084684191000000020e+00 5.705123815000000320e+01
1.085202656000000099e+00 5.754222038999999711e+01
1.085709376000000059e+00 5.792525590999999707e+01
1.086256660000000096e+00 5.847959929000000301e+01
1.086807464000000056e+00 5.918006485000000083e+01
1.087331827000000084e+00 5.956406376999999708e+01
1.087864890999999945e+00 6.020149381000000233e+01
1.088388206999999941e+00 6.073338024000000246e+01
1.088903581999999926e+00 6.128403416999999820e+01
1.089439311000000021e+00 6.169513751000000212e+01
1.089995346000000032e+00 6.236801694999999768e+01
1.090536305000000095e+00 6.298571608999999683e+01
1.091051726999999971e+00 6.354278552000000246e+01
1.091568813000000082e+00 6.398565150000000301e+01
1.092130174000000009e+00 6.450310036999999852e+01
1.092644788000000089e+00 6.494724730000000079e+01
1.093150461000000018e+00 6.567049273000000653e+01
1.093700502999999991e+00 6.623237378000000319e+01
1.094243032999999921e+00 6.665165795999999432e+01
1.094775051999999915e+00 6.721610628999999903e+01
1.095313680999999928e+00 6.771078067000000544e+01
1.095837377999999918e+00 6.820112244000000601e+01
1.096358221000000022e+00 6.880823761999999988e+01
1.096916301000000038e+00 6.926104709000000526e+01
1.097432103000000048e+00 6.976325914000000239e+01
1.097981196000000104e+00 7.038817840999999476e+01
1.098483633999999931e+00 7.084211005999999600e+01
1.099044568000000055e+00 7.136324838000000170e+01
1.099557182999999938e+00 7.187332103999999333e+01
1.100104420000000083e+00 7.235083179999999459e+01
1.100624312999999965e+00 7.286346905000000618e+01
1.101167506999999990e+00 7.339712081999999782e+01
1.101678412000000051e+00 7.398258099999999615e+01
1.102236111000000074e+00 7.439224192000000357e+01
1.102763469000000107e+00 7.498155300999999895e+01
1.103294537000000020e+00 7.543853094000000681e+01
1.103824036000000008e+00 7.596319993999999554e+01
1.104355199000000010e+00 7.647616010999999503e+01
1.104874947999999968e+00 7.687042275999999674e+01
1.105416335999999999e+00 7.745925214999999753e+01
1.105960338999999903e+00 7.792569455999999661e+01
1.106473572999999933e+00 7.841507561000000237e+01
1.107024805000000001e+00 7.890638078000000633e+01
1.107556634000000040e+00 7.951830757999999832e+01
1.108084231000000086e+00 7.991834525999999528e+01
1.108590140000000002e+00 8.036393459999999322e+01
1.109144987000000082e+00 8.084048466000000133e+01
1.109674486000000071e+00 8.124196474000000023e+01
1.110210404000000040e+00 8.163061383000000149e+01
1.110747179000000084e+00 8.223435978999999918e+01
1.111270543000000055e+00 8.264306000999999924e+01
1.111785583999999938e+00 8.318585333000000048e+01
1.112308472000000048e+00 8.366961813000000348e+01
1.112892471000000105e+00 8.410590714999999307e+01
1.113415263999999905e+00 8.460555193000000429e+01
1.113919461999999916e+00 8.512107937999999763e+01
1.114484390000000102e+00 8.548245989999999495e+01
1.114989017000000082e+00 8.606888347000000294e+01
1.115511571999999951e+00 8.644277474999999811e+01
1.116047014999999920e+00 8.697113319999999703e+01
1.116580888999999965e+00 8.740020208999999340e+01
1.117103348999999968e+00 8.795582910999999626e+01
1.117639078000000064e+00 8.837495452000000284e+01
1.118208523000000065e+00 8.890956699999999557e+01
1.118717001999999905e+00 8.930623545999999635e+01
1.119249971999999982e+00 8.979850403000000370e+01
1.119791739999999924e+00 9.021891306999999927e+01
1.120328323999999931e+00 9.074614665999999374e+01
1.120849262999999985e+00 9.122028821000000676e+01
1.121369582999999892e+00 9.162160952000000691e+01
1.121925856000000055e+00 9.211564343000000576e+01
1.122446888999999892e+00 9.250974460999999849e+01
1.122969397999999952e+00 9.297153686000000050e+01
1.123520630000000020e+00 9.348577797999999461e+01
1.124049034000000002e+00 9.396072415999999805e+01
1.124568782999999961e+00 9.444079951000000506e+01
1.125099422999999987e+00 9.485591522999999370e+01
1.125640858999999994e+00 9.526990877000000069e+01
1.126174970000000108e+00 9.563273438999999598e+01
1.126709224000000065e+00 9.585841523000000564e+01
1.127273154000000055e+00 8.893667410999999845e+01
1.127756331999999917e+00 9.053682480999999882e+01
1.128275700999999964e+00 9.126680596999999295e+01
1.128815756999999920e+00 9.145271017000000313e+01
1.129377784999999967e+00 9.174944859999999380e+01
1.129886262999999946e+00 9.226465312000000552e+01
1.130403016000000038e+00 9.288235495000000697e+01
1.130966850999999940e+00 9.311397227999999870e+01
1.131484222000000095e+00 9.366237916999999413e+01
1.132001545999999914e+00 9.410909336999999653e+01
1.132560624999999987e+00 9.463360090999999841e+01
1.133094070999999925e+00 9.506780435000000296e+01
1.133617863000000003e+00 9.553007829999999956e+01
1.134157300999999896e+00 9.597326184000000637e+01
1.134679522999999968e+00 9.639479305000000409e+01
1.135222289999999967e+00 9.694512674000000629e+01
1.135740041999999894e+00 9.729944860000000517e+01
1.136269540000000022e+00 9.782909067999999309e+01
1.136806409999999934e+00 9.817699702999999545e+01
1.137316173000000097e+00 9.858794428999999582e+01
1.137883240999999934e+00 9.906128390000000650e+01
1.138404559999999899e+00 9.952018864000000065e+01
1.138931775999999951e+00 9.980987109000000146e+01
1.139461178999999991e+00 9.924814881000000355e+01
1.140030150000000075e+00 9.942442975999999533e+01
1.140525596999999891e+00 9.976271285999999350e+01
1.141075354999999902e+00 1.001242548000000028e+02
1.141609990000000074e+00 1.005036008999999950e+02
1.142132829999999988e+00 1.008365907000000021e+02
1.142652626999999921e+00 1.001205654000000038e+02
1.143183553000000074e+00 1.002407053000000019e+02
1.143726652000000010e+00 1.004461763000000047e+02
1.144246258999999988e+00 1.005027989999999960e+02
1.144787742000000108e+00 1.009623442000000040e+02
