1.000000000000000000e+00 0.000000000000000000e+00
1.000613012000000079e+00 7.213690300000000222e-02
1.001185522999999966e+00 -7.152557399999999455e-02
1.001755394999999993e+00 1.179866309999999946e-01
1.002345220999999897e+00 -1.179866299999999951e-01
1.002912999999999943e+00 4.034775899999999693e-02
1.003496232999999904e+00 2.151880509999999913e-01
1.004108663000000012e+00 5.288002099999999928e-02
1.004708267000000044e+00 2.124370670000000072e-01
1.005269081000000009e+00 3.099441540000000272e-01
1.005844511999999913e+00 1.491644460000000061e-01
1.006441826000000095e+00 1.555834050000000079e-01
1.007015592999999987e+00 1.213489440000000003e-01
1.007599128000000066e+00 1.901235330000000112e-01
1.008189057999999916e+00 3.701601279999999772e-01
1.008754291000000025e+00 3.970586509999999847e-01
1.009348383999999932e+00 5.101546510000000145e-01
1.009926198000000053e+00 4.572745999999999755e-01
1.010515709000000095e+00 6.373112149999999865e-01
1.011086570000000018e+00 5.153509080000000520e-01
1.011672291000000001e+00 8.356876770000000176e-01
1.012236802000000102e+00 8.931527030000000478e-01
1.012849080999999929e+00 9.463383440000000535e-01
1.013414057999999951e+00 1.012056292000000024e+00
1.013999987999999908e+00 1.223576395000000039e+00
1.014572244000000012e+00 1.295407626000000034e+00
1.015156976999999960e+00 1.500203061999999976e+00
1.015729802000000070e+00 1.879227471999999954e+00
1.016323837000000063e+00 1.933330138000000087e+00
1.016937522999999954e+00 2.124370650999999999e+00
1.017489615999999986e+00 2.540991882000000146e+00
1.018079487999999921e+00 2.640332907999999978e+00
1.018682058000000001e+00 2.778187779000000024e+00
1.019248849000000012e+00 3.246160650999999842e+00
1.019827140000000076e+00 3.370260599999999940e+00
1.020407558000000048e+00 3.859935677000000176e+00
1.021013651000000078e+00 4.150928600000000301e+00
1.021556952999999934e+00 4.427249626000000049e+00
1.022159615999999938e+00 4.875659932999999668e+00
1.022739419000000094e+00 5.331100754000000386e+00
1.023306011999999932e+00 5.677418702999999844e+00
1.023922140000000036e+00 6.266129472000000256e+00
1.024494395000000058e+00 6.613364343999999839e+00
1.025050685999999933e+00 6.926671009999999740e+00
1.025661884000000024e+00 7.419708445999999569e+00
1.026222186000000036e+00 8.123654600000000059e+00
1.026816581000000062e+00 8.616080754000000397e+00
1.027388790999999912e+00 9.082219728000000103e+00
1.027964477000000043e+00 9.673069471999999891e+00
1.028571198000000075e+00 1.018719819000000015e+01
1.029137941999999972e+00 1.091040075000000087e+01
1.029711233000000004e+00 1.148199409000000060e+01
1.030292070000000004e+00 1.228039101000000066e+01
1.030891092999999925e+00 1.277679050000000061e+01
1.031465174000000040e+00 1.341807511000000019e+01
1.032034930000000017e+00 1.409695716000000054e+01
1.032635418999999999e+00 1.497207563000000086e+01
1.033229139999999990e+00 1.574387922000000017e+01
1.033793186000000031e+00 1.623508281000000153e+01
1.034381605000000093e+00 1.721045922000000061e+01
1.034963266999999965e+00 1.786916691000000057e+01
1.035557929999999960e+00 1.859022998000000015e+01
1.036136267000000055e+00 1.957080280999999999e+01
1.036690337000000017e+00 2.036247510999999832e+01
1.037290035000000055e+00 2.098480844999999917e+01
1.037861150999999982e+00 2.177800896000000108e+01
1.038456744000000098e+00 2.262194947000000056e+01
1.039037685999999905e+00 2.320332382999999865e+01
1.039605209000000086e+00 2.423677664999999948e+01
1.040194255999999928e+00 2.506421152000000063e+01
1.040766093000000003e+00 2.580269768000000141e+01
1.041371569999999913e+00 2.666772947000000116e+01
1.041941639999999891e+00 2.744136690999999928e+01
1.042516081000000039e+00 2.818688382999999931e+01
1.043102430000000025e+00 2.902929613999999958e+01
1.043701243999999972e+00 3.001384228999999948e+01
1.044253534999999955e+00 3.068019204000000144e+01
1.044838267000000043e+00 3.140767409000000043e+01
1.045442709000000026e+00 3.245610434000000311e+01
1.046016837000000033e+00 3.317349973000000318e+01
1.046627186000000043e+00 3.401988587999999680e+01
1.047188535000000087e+00 3.500198690999999940e+01
1.047775185999999970e+00 3.557938793000000288e+01
1.048338860000000095e+00 3.654376074999999702e+01
1.048914708999999945e+00 3.746075511000000091e+01
1.049505941999999914e+00 3.814452742000000285e+01
1.050082871999999945e+00 3.908322383000000144e+01
1.050662825999999939e+00 3.987917510999999848e+01
1.051255826000000004e+00 4.062194075000000026e+01
1.051834987999999971e+00 4.160343050000000176e+01
1.052411197999999937e+00 4.254304434000000157e+01
1.052994627999999988e+00 4.328642126999999817e+01
1.053583208999999909e+00 4.410927101000000050e+01
1.054153233000000078e+00 4.498775203999999661e+01
1.054721999999999937e+00 4.572318126999999777e+01
1.055324570000000017e+00 4.674379665000000017e+01
1.055926348999999931e+00 4.768738383000000169e+01
1.056510301999999957e+00 4.806854793000000114e+01
1.057077569999999911e+00 4.928387151999999816e+01
1.057652000000000037e+00 5.014768023999999969e+01
1.058238140000000049e+00 5.098948126999999886e+01
1.058824384000000007e+00 5.183067049999999654e+01
1.059398918999999939e+00 5.272076793000000094e+01
1.059996291000000035e+00 5.331344998000000146e+01
1.060545360000000104e+00 5.432000382999999744e+01
1.061152651000000002e+00 5.542834742000000148e+01
1.061720849000000078e+00 5.601186023999999719e+01
1.062312860000000025e+00 5.695575254999999970e+01
1.062888918999999932e+00 5.797300383000000323e+01
1.063484407000000020e+00 5.861948587999999916e+01
1.064038523000000014e+00 5.953831664999999873e+01
1.064629698000000069e+00 6.051338845000000077e+01
1.065207314000000016e+00 6.108192178000000183e+01
1.065803430000000107e+00 6.209244997999999782e+01
1.066369756000000057e+00 6.298835255000000188e+01
1.066946430000000001e+00 6.375098845000000125e+01
1.067541092999999996e+00 6.457964486000000193e+01
1.068110383999999913e+00 6.549786536999999953e+01
1.068718453000000013e+00 6.623420896000000369e+01
1.069289522999999908e+00 6.724871152000000052e+01
1.069888291000000047e+00 6.806880895999999836e+01
1.070457581000000102e+00 6.877122946999999442e+01
1.071032278999999976e+00 6.966896792999999377e+01
1.071617057999999956e+00 7.052299356999999702e+01
1.072186512000000036e+00 7.137488075000000265e+01
1.072776080999999992e+00 7.227598331999999459e+01
1.073377127999999958e+00 7.321376281000000574e+01
1.073943255999999957e+00 7.386482433999999841e+01
1.074528813999999999e+00 7.481024997999999471e+01
1.075095198000000085e+00 7.565235255000000336e+01
1.075694849000000008e+00 7.629638844999999492e+01
1.076298709000000020e+00 7.703793204000000117e+01
1.076847266999999997e+00 7.794300896000000023e+01
1.077436988000000095e+00 7.865337306000000694e+01
1.078004884000000052e+00 7.949028074999999660e+01
1.078572512000000039e+00 8.058853716000000134e+01
1.079186140000000016e+00 8.118733204000000114e+01
1.079754708999999924e+00 8.197228074999999592e+01
1.080338872000000006e+00 8.287307563000000243e+01
1.080923442000000012e+00 8.340279357000000005e+01
1.081513895000000058e+00 8.445580895999999882e+01
1.082092279000000046e+00 8.508670127000000605e+01
1.082651395000000072e+00 8.584994742000000656e+01
1.083271163000000037e+00 8.652668588000000227e+01
1.083867534999999993e+00 8.752468075000000169e+01
1.084429233000000048e+00 8.797492690999999354e+01
1.084998941999999911e+00 8.903589101000000028e+01
1.085589394999999957e+00 8.972149613999999929e+01
1.086145592999999909e+00 9.034566537000000608e+01
1.086734952999999892e+00 9.119541408999999987e+01
1.087310371999999914e+00 9.207909100999999907e+01
1.087908987999999910e+00 9.265190638999999351e+01
1.088483791000000034e+00 9.325651152000000366e+01
1.089065452999999906e+00 9.412031665000000658e+01
1.089648581000000060e+00 9.490251664999999548e+01
1.090249057999999938e+00 9.558903972999999610e+01
1.090815442000000024e+00 9.638559870000000274e+01
1.091418105000000027e+00 9.695169101000000467e+01
1.091971755999999960e+00 9.773205511000000456e+01
1.092565849000000089e+00 9.857874741999999912e+01
1.093133163000000074e+00 9.924112178000000029e+01
1.093725279000000050e+00 9.996891152000000602e+01
1.094307721000000067e+00 1.006884448999999933e+02
1.094866569999999983e+00 1.012936602000000050e+02
1.095484302000000021e+00 1.020092242999999996e+02
1.096053546999999906e+00 1.026550909999999988e+02
1.096642069999999913e+00 1.033804346000000010e+02
1.097212721000000002e+00 1.041653833000000020e+02
1.097798279000000043e+00 1.048571012999999965e+02
1.098390348999999988e+00 1.053727576999999940e+02
1.098942743999999916e+00 1.059736960999999980e+02
1.099537348999999997e+00 1.068103013000000061e+02
1.100116628000000096e+00 1.073027268999999961e+02
1.100701826000000105e+00 1.082698500000000053e+02
1.101296022999999957e+00 1.089383372000000065e+02
1.101859278999999914e+00 1.094237372000000050e+02
1.102439487999999912e+00 1.100347577000000001e+02
1.103040290999999895e+00 1.108735013000000009e+02
1.103629849000000052e+00 1.112989883999999989e+02
1.104198522999999987e+00 1.121585167000000069e+02
1.104786523000000020e+00 1.127979679000000033e+02
1.105359825999999934e+00 1.131751576999999997e+02
1.105935616000000010e+00 1.138787987000000044e+02
1.106540359999999890e+00 1.146658859000000064e+02
1.107090987999999943e+00 1.151418089999999950e+02
1.107695633999999929e+00 1.158185473999999999e+02
1.108264305000000061e+00 1.164900961000000024e+02
1.108814884999999917e+00 1.169886345999999975e+02
1.109429714000000011e+00 1.176974704999999943e+02
1.110029520000000103e+00 1.181914242999999942e+02
1.110598345000000098e+00 1.186985217999999946e+02
1.111140765000000030e+00 1.194807217999999978e+02
1.111749252000000077e+00 1.202619987000000066e+02
1.112334192999999916e+00 1.207033782000000031e+02
1.112903434999999996e+00 1.213795115000000067e+02
1.113487958000000111e+00 1.220571678999999961e+02
1.114081891000000102e+00 1.224927423000000033e+02
1.114669794000000103e+00 1.230958191999999940e+02
1.115230614999999981e+00 1.236906397000000055e+02
1.115823039999999988e+00 1.242313627999999994e+02
1.116418428000000018e+00 1.246427884000000006e+02
1.116988604999999968e+00 1.256447576999999995e+02
1.117571362000000068e+00 1.259259679000000034e+02
1.118167789999999995e+00 1.265706141000000002e+02
1.118723568999999918e+00 1.272840396999999939e+02
1.119320931000000074e+00 1.274078295000000054e+02
1.119887677999999998e+00 1.280191628000000037e+02
1.120481038000000096e+00 1.286405781999999931e+02
1.121037961999999943e+00 1.291051884000000030e+02
1.121649306999999984e+00 1.296789218000000119e+02
1.122240225999999952e+00 1.303367115000000069e+02
1.122797406999999970e+00 1.307032038000000114e+02
1.123381100000000021e+00 1.311638397000000111e+02
1.123968743000000048e+00 1.317797577000000047e+02
1.124563401999999934e+00 1.322657628000000045e+02
1.125140390000000101e+00 1.328746500000000026e+02
1.125711866000000061e+00 1.333988654000000054e+02
1.126292440000000061e+00 1.336440038000000072e+02
1.126870830000000101e+00 1.343397013000000015e+02
1.127449168999999918e+00 1.348205115000000092e+02
1.128025687000000055e+00 1.352148191999999938e+02
1.128614213999999949e+00 1.356959319999999991e+02
1.129202897000000094e+00 1.363207114999999874e+02
1.129749579000000059e+00 1.366621422999999993e+02
1.130348345000000032e+00 1.371249167000000000e+02
1.130944981000000071e+00 1.376537166999999897e+02
1.131532624000000098e+00 1.379829167000000041e+02
1.132100150000000083e+00 1.386804448999999977e+02
1.132680515999999971e+00 1.391212141000000031e+02
1.133276579999999978e+00 1.392850500000000125e+02
1.133850239999999898e+00 1.399440653999999995e+02
1.134426863000000063e+00 1.403399013000000082e+02
1.135012373999999991e+00 1.406791883999999868e+02
1.135580212999999894e+00 1.412046243000000061e+02
1.136168636000000065e+00 1.416949114999999892e+02
1.136757110000000015e+00 1.419391372000000047e+02
1.137325469000000089e+00 1.423175525000000050e+02
1.137927872999999979e+00 1.427772704999999860e+02
1.138506366999999964e+00 1.431128909999999905e+02
1.139076337000000105e+00 1.435903423000000032e+02
1.139660756999999913e+00 1.439519423000000131e+02
1.140261031000000091e+00 1.443810961000000077e+02
1.140833235999999973e+00 1.446176807999999880e+02
1.141401074000000015e+00 1.451895781999999997e+02
1.141976762000000090e+00 1.455068602000000055e+02
1.142601882999999985e+00 1.458479833000000099e+02
1.143149240999999927e+00 1.464898756000000049e+02
1.143740938000000096e+00 1.466968141000000116e+02
1.144330349000000080e+00 1.469651833000000067e+02
1.144899901999999914e+00 1.475129372000000103e+02
1.145483854999999940e+00 1.477470755999999881e+02
1.146056890999999966e+00 1.482660960999999986e+02
1.146662051000000071e+00 1.485491422999999998e+02
1.147229108999999969e+00 1.489504808000000082e+02
1.147826004999999983e+00 1.493429524999999956e+02
1.148401484999999944e+00 1.496030756000000110e+02
1.148987776000000016e+00 1.498858141000000046e+02
1.149546984999999966e+00 1.502046243000000061e+02
1.150133743999999902e+00 1.505818141000000026e+02
1.150714422000000070e+00 1.507707115000000044e+02
1.151307209999999914e+00 1.512622243000000140e+02
1.151892410000000089e+00 1.515336551000000043e+02
1.152473971999999902e+00 1.518322858999999880e+02
1.153038119999999944e+00 1.520340242999999987e+02
1.153615626999999977e+00 1.524634858999999949e+02
1.154214705000000007e+00 1.527159627999999998e+02
1.154816902000000090e+00 1.530289627999999880e+02
1.155375851999999925e+00 1.532796089999999936e+02
1.155936985000000083e+00 1.534342756000000065e+02
1.156547809999999954e+00 1.538606808000000115e+02
1.157125422000000015e+00 1.540080089999999871e+02
1.157679069000000061e+00 1.540147320000000093e+02
1.158300759000000069e+00 1.543971218000000079e+02
1.158884191999999924e+00 1.547183731000000080e+02
1.159419385999999941e+00 1.546370654000000116e+02
1.160007081000000051e+00 1.549503731000000073e+02
1.160606784000000058e+00 1.549243936000000019e+02
1.161182627000000078e+00 1.551435524999999984e+02
1.161751036999999931e+00 1.553498755999999901e+02
1.162354117000000020e+00 1.554369935999999939e+02
1.162918734000000009e+00 1.553043319999999881e+02
1.163508820000000110e+00 1.553813628000000051e+02
1.164095579000000047e+00 1.556839678999999990e+02
1.164675007999999901e+00 1.557979832999999985e+02
1.165257245000000053e+00 1.558468909999999994e+02
1.165811359999999963e+00 1.561699782000000027e+02
1.166452907999999900e+00 1.561812859000000060e+02
1.167016067000000046e+00 1.565679524999999899e+02
1.167592637999999905e+00 1.568427474000000075e+02
1.168164428000000088e+00 1.569402499999999918e+02
1.168740530000000000e+00 1.572535576999999876e+02
1.169321520000000003e+00 1.574378756000000124e+02
1.169887123000000084e+00 1.574256499999999903e+02
1.170524094999999987e+00 1.579309115000000077e+02
1.171085697000000092e+00 1.582121218000000056e+02
1.171644230000000064e+00 1.581470191999999884e+02
1.172255472000000021e+00 1.585584397000000081e+02
1.172820607000000015e+00 1.589075114999999983e+02
1.173404144000000038e+00 1.587354243000000054e+02
1.173985913000000103e+00 1.590887730999999974e+02
1.174570021000000075e+00 1.593473628000000133e+02
1.175132037000000018e+00 1.596197114999999940e+02
1.175707257000000006e+00 1.597004038000000037e+02
1.176329312000000016e+00 1.599226242999999954e+02
1.176889663999999946e+00 1.600464192000000025e+02
1.177459113999999918e+00 1.601729627999999934e+02
1.178069419999999923e+00 1.605116396999999893e+02
1.178659974000000110e+00 1.605015525000000025e+02
1.179219911999999981e+00 1.607977423000000101e+02
1.179794922999999995e+00 1.609291781999999955e+02
1.180380747000000063e+00 1.611917422999999872e+02
1.180970469000000023e+00 1.614653166999999883e+02
1.181541892999999899e+00 1.615628242999999884e+02
1.182132395000000002e+00 1.616141730999999879e+02
1.182703456000000042e+00 1.619027217999999948e+02
1.183287097000000010e+00 1.620414910000000077e+02
1.183865850999999969e+00 1.622606551000000081e+02
1.184452819000000101e+00 1.623257628000000068e+02
1.185019148999999938e+00 1.627121218000000056e+02
1.185607311999999913e+00 1.627433013000000130e+02
1.186186221999999901e+00 1.630899218000000133e+02
1.186762636999999954e+00 1.632996090000000038e+02
1.187356569999999945e+00 1.633531012999999916e+02
1.187942859999999934e+00 1.635578960999999936e+02
1.188510283999999917e+00 1.637587167000000079e+02
1.189098393999999947e+00 1.638134345999999937e+02
1.189684944999999994e+00 1.640047782000000041e+02
1.190269833999999971e+00 1.641915371999999991e+02
1.190843440999999947e+00 1.642780448999999976e+02
1.191436437999999987e+00 1.644907833000000039e+02
1.192009265999999901e+00 1.645308295000000101e+02
1.192584174000000052e+00 1.644696960999999931e+02
1.193166151000000008e+00 1.646848808000000020e+02
1.193765594000000041e+00 1.649312500000000057e+02
1.194340812999999946e+00 1.648089832999999942e+02
