1.000000000000000000e+00 0.000000000000000000e+00
1.000565898000000065e+00 9.078297500000000186e-02
1.001128044999999966e+00 1.107518799999999970e-02
1.001692830000000090e+00 5.856424799999999931e-02
1.002280375000000001e+00 1.381042309999999940e-01
1.002843136000000079e+00 -3.112798899999999827e-02
1.003409148000000028e+00 -9.011175200000000329e-02
1.003983273000000009e+00 7.349897199999999575e-02
1.004555942999999951e+00 8.843369299999999378e-02
1.005123830000000051e+00 2.567429800000000165e-02
1.005680386000000093e+00 1.058855030000000058e-01
1.006279158999999979e+00 7.198871799999999321e-02
1.006830284000000075e+00 1.449842699999999984e-01
1.007393750000000088e+00 1.213236419999999954e-01
1.007973773000000017e+00 2.080792790000000059e-01
1.008516715999999924e+00 2.387877529999999915e-01
1.009100204999999972e+00 3.497074399999999805e-01
1.009670317999999956e+00 4.705276540000000174e-01
1.010256749999999926e+00 6.076250640000000480e-01
1.010793704999999987e+00 8.289609879999999542e-01
1.011375659000000038e+00 1.109196797999999928e+00
1.011961375000000052e+00 1.383559382999999920e+00
1.012506659000000031e+00 1.769512901999999999e+00
1.013090999999999964e+00 2.252458171999999870e+00
1.013673625000000023e+00 2.624483791999999927e+00
1.014231499999999953e+00 3.135956172999999847e+00
1.014780341000000030e+00 3.629640858000000136e+00
1.015360011000000062e+00 4.282237986000000163e+00
1.015957205000000085e+00 4.784816533999999955e+00
1.016478205000000079e+00 5.412578358000000200e+00
1.017059455000000057e+00 6.003926330999999728e+00
1.017654317999999947e+00 6.834229541000000019e+00
1.018205489000000075e+00 7.472730947999999707e+00
1.018772760999999916e+00 8.058037818000000740e+00
1.019341567999999976e+00 8.927272332999999449e+00
1.019908636000000035e+00 9.510733200000000664e+00
1.020464181999999997e+00 1.025075713000000022e+01
1.021059750000000044e+00 1.105605751999999953e+01
1.021622057000000083e+00 1.182930696000000026e+01
1.022188523000000071e+00 1.248626697999999990e+01
1.022750204999999912e+00 1.340903134000000030e+01
1.023337090999999921e+00 1.416667492000000017e+01
1.023895272999999939e+00 1.479024165000000046e+01
1.024441375000000098e+00 1.559772335000000076e+01
1.025030749999999991e+00 1.636912706000000028e+01
1.025594625000000093e+00 1.711116450999999827e+01
1.026173932000000066e+00 1.800087114999999827e+01
1.026733488999999944e+00 1.878771293000000142e+01
1.027316158999999951e+00 1.956650009000000168e+01
1.027881510999999914e+00 2.030920871000000005e+01
1.028440806999999957e+00 2.097338437999999883e+01
1.029024398000000007e+00 2.186678274999999871e+01
1.029608386000000042e+00 2.275665747000000039e+01
1.030164124999999986e+00 2.342553162000000100e+01
1.030710068000000090e+00 2.418636327000000108e+01
1.031292023000000002e+00 2.501683454999999867e+01
1.031886885999999892e+00 2.575367014000000054e+01
1.032431000000000099e+00 2.649151248000000081e+01
1.033001931999999901e+00 2.730050460000000001e+01
1.033573375000000016e+00 2.810563720000000032e+01
1.034139943000000006e+00 2.884834525000000127e+01
1.034720124999999991e+00 2.969828331000000077e+01
1.035284204999999957e+00 3.045324108000000152e+01
1.035849239000000033e+00 3.108335369999999998e+01
1.036421602000000108e+00 3.198631540999999956e+01
1.036992431999999908e+00 3.273389141999999907e+01
1.037551023000000017e+00 3.354573545000000223e+01
1.038104431999999910e+00 3.432485707000000019e+01
1.038697613999999936e+00 3.506857329000000334e+01
1.039267533999999937e+00 3.578862960000000015e+01
1.039836841000000067e+00 3.658000066000000317e+01
1.040386851999999918e+00 3.736617182999999898e+01
1.040963317999999971e+00 3.812482329000000192e+01
1.041529431999999922e+00 3.888867463999999785e+01
1.042111545000000028e+00 3.972216562999999923e+01
1.042663783999999927e+00 4.052142520000000303e+01
1.043226591000000036e+00 4.137555808999999840e+01
1.043826477000000086e+00 4.199375347000000147e+01
1.044388670000000019e+00 4.274502035999999805e+01
1.044941829999999960e+00 4.361106766000000334e+01
1.045498033999999965e+00 4.434756821999999943e+01
1.046074659000000073e+00 4.510000910000000118e+01
1.046639340999999890e+00 4.596269773000000214e+01
1.047233193000000062e+00 4.677101979999999770e+01
1.047822261000000088e+00 4.761407722999999947e+01
1.048358340999999916e+00 4.836718815999999777e+01
1.048946852000000041e+00 4.919984300000000133e+01
1.049491885999999985e+00 4.998819321999999943e+01
1.050062864000000040e+00 5.069348320000000285e+01
1.050631523000000067e+00 5.145985144000000133e+01
1.051198999999999995e+00 5.233126754999999974e+01
1.051763374999999945e+00 5.314881822000000255e+01
1.052314704999999906e+00 5.395898432999999983e+01
1.052908147999999988e+00 5.485657722999999919e+01
1.053471057000000100e+00 5.568167858000000336e+01
1.054032182000000040e+00 5.638310875999999894e+01
1.054595294999999933e+00 5.718756822000000284e+01
1.055174920000000016e+00 5.800511889999999937e+01
1.055769726999999936e+00 5.886462059000000124e+01
1.056304590999999959e+00 5.968989085999999844e+01
1.056881420000000071e+00 6.040289760999999658e+01
1.057456568000000097e+00 6.129562565999999890e+01
1.058015260999999985e+00 6.204571574999999939e+01
1.058588080000000042e+00 6.287635482000000309e+01
1.059161090999999999e+00 6.369189254999999861e+01
1.059730556999999962e+00 6.444634637999999427e+01
1.060294784000000101e+00 6.532346911999999861e+01
1.060881213999999906e+00 6.619337339999999870e+01
1.061446458999999898e+00 6.698323544999999513e+01
1.062012364999999958e+00 6.778199390000000335e+01
1.062565723000000073e+00 6.860524839999999358e+01
1.063147274000000087e+00 6.938470504999999378e+01
1.063734667999999939e+00 7.026619153000000040e+01
1.064270194999999974e+00 7.100671800000000644e+01
1.064824873999999921e+00 7.189139142000000504e+01
1.065436193999999892e+00 7.265121686999999895e+01
1.065969130999999903e+00 7.339442633000000171e+01
1.066545856999999931e+00 7.407974728000000653e+01
1.067130456999999977e+00 7.491172926000000132e+01
1.067688133000000095e+00 7.565578050000000587e+01
1.068243572999999946e+00 7.648004289000000711e+01
1.068833251999999900e+00 7.732158848999999634e+01
1.069421001999999898e+00 7.808795673999999565e+01
1.069963082999999981e+00 7.868534694000000229e+01
1.070520402999999954e+00 7.949903781999999808e+01
1.071093776000000108e+00 8.026054120000000580e+01
1.071666792999999895e+00 8.090810313000000065e+01
1.072234222999999931e+00 8.177901529999999752e+01
1.072798605000000016e+00 8.241600572000000113e+01
1.073411753000000024e+00 7.795807498000000635e+01
1.073943419999999982e+00 7.986653219000000092e+01
1.074509426999999961e+00 8.174209806999999728e+01
1.075049323000000001e+00 8.122290605999999968e+01
1.075617566000000025e+00 8.300584524999999303e+01
1.076220656000000053e+00 8.378144210000000669e+01
1.076782396999999891e+00 8.502672925999999620e+01
1.077345557999999981e+00 8.542795391999999310e+01
1.077919794999999903e+00 8.622838747999999498e+01
1.078490831999999955e+00 8.695431652999999983e+01
1.079069284000000017e+00 8.781499220999999977e+01
1.079625132000000098e+00 8.847984017999999651e+01
1.080203889000000084e+00 8.925258510999999828e+01
1.080789098999999975e+00 8.993370842999999581e+01
1.081326149999999986e+00 9.068447419000000309e+01
1.081881132999999995e+00 9.141023432999999443e+01
1.082468476000000068e+00 9.196164480000000196e+01
1.083043170000000055e+00 9.278942915000000369e+01
1.083596629999999950e+00 9.335426585999999816e+01
1.084155168999999974e+00 9.406743871999999840e+01
1.084729354999999895e+00 9.479034694000000627e+01
1.085304658000000089e+00 9.538152655999999752e+01
1.085888850999999988e+00 9.606047080999999821e+01
1.086465628000000017e+00 9.660886044999999456e+01
1.087041998999999981e+00 9.714600572000000511e+01
1.087578390000000006e+00 9.738848602000000199e+01
1.088146327000000024e+00 9.741013298000000020e+01
1.088721883999999918e+00 9.804695447999999658e+01
1.089292157999999899e+00 9.886719096999999579e+01
1.089850240999999942e+00 9.942162227999999402e+01
1.090448505999999984e+00 1.001243924999999990e+02
1.090989519000000074e+00 1.007714505000000003e+02
1.091567565999999934e+00 1.013847810999999979e+02
1.092124531000000065e+00 1.021239673999999980e+02
1.092721271999999910e+00 1.027456875999999966e+02
1.093276864999999987e+00 1.033518025000000051e+02
1.093834082999999957e+00 1.039159662999999938e+02
1.094405118999999926e+00 1.046053131999999977e+02
1.094976815999999964e+00 1.051139308000000057e+02
1.095554761000000044e+00 1.056593024999999955e+02
1.096111167000000108e+00 1.063394179000000008e+02
1.096683473999999991e+00 1.069309353000000016e+02
1.097263705000000034e+00 1.074684156000000002e+02
1.097823259999999967e+00 1.080090857000000000e+02
1.098378091000000056e+00 1.086086578000000031e+02
1.098962487999999960e+00 1.092600795000000033e+02
1.099529307999999928e+00 1.098109859999999998e+02
1.100096533999999959e+00 1.102434212999999943e+02
1.100663809999999909e+00 1.108846092999999939e+02
1.101233780999999912e+00 1.114492742999999990e+02
1.101786324999999955e+00 1.118090519000000000e+02
1.102373414999999968e+00 1.124831257000000022e+02
1.102944348999999935e+00 1.129706031000000053e+02
1.103509239000000086e+00 1.134671402999999970e+02
1.104083982999999991e+00 1.139185394999999943e+02
1.104659794000000028e+00 1.145320360999999991e+02
1.105238959000000021e+00 1.149846093000000025e+02
1.105773216000000003e+00 1.154833284000000049e+02
1.106338258000000074e+00 1.160963239000000016e+02
1.106935607999999904e+00 1.164765715999999998e+02
1.107503850000000067e+00 1.169667321000000015e+02
1.108078289999999910e+00 1.175580805999999967e+02
1.108621590000000046e+00 1.179906820000000067e+02
1.109200755000000038e+00 1.184842011000000070e+02
1.109738059000000110e+00 1.190099359000000021e+02
1.110332818999999915e+00 1.195341616999999985e+02
1.110928340999999930e+00 1.200103948000000003e+02
1.111452743000000076e+00 1.205096178000000009e+02
1.112023575999999903e+00 1.209652090000000015e+02
1.112607515000000102e+00 1.213459607000000062e+02
1.113173573000000083e+00 1.219097895000000022e+02
1.113714078000000107e+00 1.223637056000000030e+02
1.114310922000000037e+00 1.227661013999999966e+02
1.114879619999999960e+00 1.232935169999999943e+02
1.115433131000000078e+00 1.238294882999999942e+02
1.116018798000000034e+00 1.242265181000000069e+02
1.116596944999999952e+00 1.247294320000000027e+02
1.117142379999999990e+00 1.251684127999999987e+02
1.117707419999999896e+00 1.255743334000000004e+02
1.118295067999999892e+00 1.260146572000000020e+02
1.118855842999999961e+00 1.264336689999999948e+02
1.119413672000000082e+00 1.268461352000000062e+02
1.120001014999999933e+00 1.274507382999999976e+02
1.120576723999999968e+00 1.278100119000000063e+02
1.121130895000000072e+00 1.282573824000000116e+02
1.121762839999999928e+00 1.273557607999999988e+02
1.122343832999999957e+00 1.082545867999999984e+02
1.122767907000000065e+00 1.080936606000000069e+02
1.123373790999999899e+00 1.106636070999999930e+02
1.124019147000000052e+00 1.103471262000000053e+02
1.124531356999999954e+00 1.128459241000000048e+02
1.125092283999999943e+00 1.135518813000000051e+02
1.125669365999999894e+00 1.139180355999999961e+02
1.126244210999999940e+00 1.152995812000000058e+02
1.126813977999999938e+00 1.168240969000000007e+02
1.127366268999999921e+00 1.173562083999999999e+02
1.127963213999999992e+00 1.185566926999999993e+02
1.128543392999999950e+00 1.193267546000000010e+02
1.129112093000000039e+00 1.200469769999999983e+02
1.129635377000000052e+00 1.209992742999999962e+02
1.130221297999999930e+00 1.217495361000000003e+02
1.130764038999999999e+00 1.225345305000000025e+02
1.131349858000000097e+00 1.233123120000000057e+02
1.131938420000000001e+00 1.242040322000000003e+02
1.132508693999999982e+00 1.247883312000000018e+02
1.133039294000000030e+00 1.256573965000000044e+02
1.133638574999999982e+00 1.263081482000000051e+02
1.134207884000000055e+00 1.269521881999999948e+02
1.134776938999999985e+00 1.275329652000000067e+02
1.135343047999999966e+00 1.282154313999999999e+02
1.135916522999999900e+00 1.286359521999999913e+02
1.136466323999999917e+00 1.293147275999999977e+02
1.137029081000000108e+00 1.298701638999999943e+02
1.137601284999999907e+00 1.304541279000000031e+02
1.138186850000000083e+00 1.310625936000000138e+02
1.138746558000000020e+00 1.316200428999999872e+02
1.139319015999999962e+00 1.321551780000000065e+02
1.139901990000000032e+00 1.326067433000000051e+02
1.140440058000000034e+00 1.331663744999999892e+02
1.141027095000000102e+00 1.335342066999999986e+02
1.141585787999999990e+00 1.340475232000000005e+02
1.142158907000000001e+00 1.344480749999999887e+02
1.142732634999999997e+00 1.349530046000000141e+02
1.143304026999999889e+00 1.353674838000000022e+02
1.143866883999999917e+00 1.358262646999999959e+02
1.144433145000000041e+00 1.360484409999999968e+02
1.145001997999999910e+00 1.365537027999999964e+02
1.145574201999999930e+00 1.369618081000000132e+02
1.146130354999999934e+00 1.374046486999999956e+02
1.146711347000000103e+00 1.378181199999999933e+02
1.147265060000000059e+00 1.383134832000000074e+02
1.147846409000000012e+00 1.387613575999999966e+02
1.148398650000000076e+00 1.390941166000000067e+02
1.148989193000000020e+00 1.394251977000000124e+02
1.149539045000000037e+00 1.398510901999999874e+02
1.150120698999999913e+00 1.401345135999999911e+02
1.150704943000000036e+00 1.405533565000000067e+02
1.151253627000000002e+00 1.409940153000000009e+02
1.151807087999999979e+00 1.413734240999999940e+02
1.152388994000000055e+00 1.417993165000000033e+02
1.152982383000000111e+00 1.420904596000000026e+02
1.153527967999999904e+00 1.424806087999999988e+02
1.154085644000000022e+00 1.428153806999999915e+02
1.154662166999999906e+00 1.431645839999999907e+02
1.155244429999999989e+00 1.435364420999999879e+02
1.155806322000000108e+00 1.439792827999999929e+02
1.156391327999999996e+00 1.442601893000000075e+02
1.156931834000000103e+00 1.446317095999999935e+02
1.157484683999999930e+00 1.450441786000000093e+02
1.158086605999999907e+00 1.453346487000000025e+02
1.158651850999999899e+00 1.456924105999999881e+02
1.159200181000000107e+00 1.461243446999999946e+02
1.159784982999999992e+00 1.464233734000000027e+02
1.160344639999999927e+00 1.467791223000000116e+02
1.160908209000000024e+00 1.470776499000000115e+02
1.161478685999999927e+00 1.474590715999999873e+02
1.162051399000000096e+00 1.478039138999999977e+02
1.162627768999999978e+00 1.482269517000000008e+02
1.163169595999999917e+00 1.483695868000000075e+02
1.163759986000000080e+00 1.487734944999999982e+02
1.164316544999999925e+00 1.491057523000000060e+02
1.164903175999999929e+00 1.494489139000000080e+02
1.165456889999999968e+00 1.497763041000000044e+02
1.166044792000000108e+00 1.501607467000000042e+02
1.166581639999999975e+00 1.504273909000000060e+02
1.167163750000000055e+00 1.507749162000000069e+02
1.167743320999999890e+00 1.511058284000000072e+02
1.168311003999999986e+00 1.514914477000000090e+02
1.168877519999999892e+00 1.517374499999999955e+02
1.169421175000000090e+00 1.521411914999999908e+02
1.169989823999999956e+00 1.523742742999999962e+02
1.170558014999999896e+00 1.527637507000000028e+02
1.171137585000000092e+00 1.530329116999999997e+02
1.171711517000000091e+00 1.534186971999999969e+02
1.172255934999999916e+00 1.536021092999999951e+02
1.172829611999999910e+00 1.539758142999999961e+02
1.173412587000000062e+00 1.542382608000000062e+02
1.173999674999999909e+00 1.546146487000000036e+02
1.174572082999999934e+00 1.546837873000000059e+02
1.175119903999999993e+00 1.550105045999999902e+02
1.175697290000000006e+00 1.553848796000000050e+02
1.176274371999999957e+00 1.556813913999999954e+02
1.176822293999999935e+00 1.559351133000000118e+02
1.177393888999999971e+00 1.562445473999999876e+02
1.177975033999999921e+00 1.565833480999999949e+02
1.178520417000000098e+00 1.568624106000000040e+02
1.179084392000000037e+00 1.571414703000000088e+02
1.179682402999999935e+00 1.574374808999999971e+02
1.180241400000000107e+00 1.576370023000000060e+02
1.180809031999999981e+00 1.579417377000000045e+02
1.181377477999999925e+00 1.583246713000000057e+02
1.181940436999999955e+00 1.586179932999999949e+02
1.182510508000000016e+00 1.588488941999999895e+02
1.183061072000000102e+00 1.591385281999999961e+02
1.183636324000000073e+00 1.593244573000000059e+02
1.184214319999999931e+00 1.596114054999999894e+02
1.184768440000000034e+00 1.598970108000000039e+02
1.185354564000000055e+00 1.601176752000000079e+02
1.185902994000000099e+00 1.604432185999999945e+02
1.186492166000000070e+00 1.607335225999999864e+02
1.187042729999999935e+00 1.609228075000000047e+02
1.187616661000000073e+00 1.612451638999999943e+02
1.188192117000000048e+00 1.615809438000000000e+02
1.188762391999999890e+00 1.617502596999999867e+02
1.189320880999999996e+00 1.620747950999999887e+02
1.189888411000000090e+00 1.624047022000000027e+02
1.190467830000000005e+00 1.625555581000000132e+02
1.191046639000000074e+00 1.615052624999999864e+02
1.191607057999999997e+00 1.618692321000000049e+02
1.192164935999999953e+00 1.623053610000000049e+02
1.192719360999999978e+00 1.626204989999999952e+02
1.193273175999999935e+00 1.628169995000000085e+02
1.193860723000000013e+00 1.631284493999999938e+02
1.194451520000000100e+00 1.633544826000000114e+02
1.194989689000000022e+00 1.636144151000000022e+02
1.195575913999999962e+00 1.638021881999999891e+02
1.196147713000000001e+00 1.641461914999999863e+02
1.196718493999999966e+00 1.645302991000000077e+02
1.197270888000000033e+00 1.647351893000000018e+02
1.197852133999999902e+00 1.649451161000000070e+02
1.198415296999999935e+00 1.652389421000000027e+02
1.198992276000000023e+00 1.654948458000000073e+02
1.199553000000000091e+00 1.657765941000000112e+02
1.200129674999999896e+00 1.660283029999999940e+02
1.200671400000000055e+00 1.662498064000000113e+02
1.201234155999999942e+00 1.665344038000000069e+02
1.201842733000000107e+00 1.667582580000000121e+02
1.202399189999999951e+00 1.671047753999999941e+02
1.202958288999999903e+00 1.672448937000000058e+02
1.203529477000000014e+00 1.675593615999999884e+02
1.204109910999999977e+00 1.677679454999999962e+02
1.204644931000000030e+00 1.680062280999999871e+02
1.205213172999999971e+00 1.682790828999999917e+02
1.205814130000000040e+00 1.685202203000000054e+02
1.206373024999999988e+00 1.687591758000000084e+02
1.206933749000000056e+00 1.690929398000000106e+02
1.207498130999999919e+00 1.692109072000000083e+02
1.208077955000000037e+00 1.695059100000000001e+02
1.208611247999999971e+00 1.698160169999999880e+02
1.209208749999999943e+00 1.700991054000000133e+02
1.209782681999999943e+00 1.703652456000000086e+02
1.210356004999999957e+00 1.705849020999999937e+02
1.210910123999999977e+00 1.708819178999999906e+02
1.211514230999999997e+00 1.710139814999999999e+02
1.212040411000000040e+00 1.713522782000000007e+02
1.212617695000000051e+00 1.715321656000000132e+02
1.213206969000000024e+00 1.720055467999999905e+02
1.213762409000000098e+00 1.720906257000000039e+02
1.214314397000000101e+00 1.723351188999999977e+02
1.214888430000000019e+00 1.726519347999999923e+02
1.215448137999999956e+00 1.729427427999999907e+02
1.216025828000000031e+00 1.731236379999999997e+02
1.216576799000000042e+00 1.733360788999999897e+02
1.217173996999999952e+00 1.737079369999999869e+02
1.217752297999999955e+00 1.739588070000000073e+02
1.218289755000000030e+00 1.740578131999999982e+02
1.218884413000000055e+00 1.743952709000000141e+02
1.219472263999999972e+00 1.745736464999999953e+02
1.219993263000000105e+00 1.748933170999999902e+02
1.220557136000000042e+00 1.750834409999999934e+02
1.221154842000000018e+00 1.753710619999999949e+02
1.221715566000000086e+00 1.755769601000000080e+02
1.222271209999999941e+00 1.749762140999999929e+02
1.222840468000000014e+00 1.750930074000000047e+02
1.223417041999999899e+00 1.750807580000000030e+02
1.223984471999999935e+00 1.753965688000000114e+02
1.224527109999999919e+00 1.758286689999999908e+02
1.225103481000000105e+00 1.759358958999999913e+02
1.225716527999999972e+00 1.732592236000000128e+02
1.226233056999999960e+00 1.719932973999999888e+02
1.226826597000000074e+00 1.715987843999999996e+02
1.227389556000000104e+00 1.720149442999999962e+02
1.227966840999999976e+00 1.731033339999999896e+02
1.228530917000000056e+00 1.729905664999999999e+02
1.229092555999999892e+00 1.730593671999999970e+02
1.229670754999999893e+00 1.735944995000000119e+02
1.230221114999999976e+00 1.740049528000000123e+02
1.230805206999999957e+00 1.741908817999999997e+02
1.231365422999999959e+00 1.744271544000000063e+02
1.231947482999999899e+00 1.747436351999999999e+02
1.232520398999999989e+00 1.750862956999999938e+02
1.233085084999999914e+00 1.751628131999999880e+02
1.233631177999999995e+00 1.754954060999999967e+02
1.234204195000000004e+00 1.757900739000000101e+02
1.234772742999999950e+00 1.760797049999999899e+02
