1.000000000000000000e+00 0.000000000000000000e+00
1.000512566999999908e+00 7.645884000000000361e-03
1.001009196000000046e+00 7.928448200000000334e-02
1.001551907000000075e+00 8.809387100000000415e-02
1.002072773000000083e+00 7.911826900000000495e-02
1.002569443000000060e+00 5.751033800000000112e-02
1.003103164999999963e+00 -1.579041000000000125e-02
1.003631721999999948e+00 1.143558169999999985e-01
1.004145947999999899e+00 1.319745900000000027e-01
1.004639947999999894e+00 8.260877899999999330e-02
1.005167216000000030e+00 1.524190159999999905e-01
1.005681258000000078e+00 1.477650000000000075e-01
1.006192629000000061e+00 1.477650000000000075e-01
1.006729031000000107e+00 8.144527599999999701e-02
1.007246947999999920e+00 2.293764919999999874e-01
1.007751628999999927e+00 2.504857779999999923e-01
1.008269268000000052e+00 2.327007889999999912e-01
1.008767052000000053e+00 3.184676379999999973e-01
1.009316021000000063e+00 3.407404490000000008e-01
1.009804216000000032e+00 3.836238849999999978e-01
1.010344112999999933e+00 4.933256699999999939e-01
1.010857185999999963e+00 4.988107500000000250e-01
1.011368701000000092e+00 5.794249719999999826e-01
1.011901825000000033e+00 6.776579339999999618e-01
1.012409824999999985e+00 6.249678339999999999e-01
1.012887969000000110e+00 7.241980900000000165e-01
1.013422711000000032e+00 8.358944649999999754e-01
1.013928361000000056e+00 7.788827809999999685e-01
1.014470978999999939e+00 1.011251129999999998e+00
1.014971247000000076e+00 1.085881609000000081e+00
1.015492113000000085e+00 1.221180493999999950e+00
1.016037628999999942e+00 1.237635763999999972e+00
1.016538814000000013e+00 1.467677120000000057e+00
1.017046772999999904e+00 1.565577648999999960e+00
1.017563267999999965e+00 1.570564097000000103e+00
1.018085515000000107e+00 1.832186265999999897e+00
1.018604856000000058e+00 1.966986517000000045e+00
1.019103370999999925e+00 2.241905870000000078e+00
1.019638701000000092e+00 2.410780159000000200e+00
1.020151186000000099e+00 2.573836936000000186e+00
1.020652040999999954e+00 2.711130409999999991e+00
1.021175536000000106e+00 3.046219590000000199e+00
1.021702021000000071e+00 3.328784843999999854e+00
1.022218505000000111e+00 3.520264207999999950e+00
1.022713433000000061e+00 3.745152941999999818e+00
1.023237753000000083e+00 4.094038051000000067e+00
1.023751102999999940e+00 4.352169673999999766e+00
1.024283628999999918e+00 4.730807152999999765e+00
1.024783886999999893e+00 5.011710109000000024e+00
1.025319185999999938e+00 5.325025222999999919e+00
1.025805021000000039e+00 5.699507096999999689e+00
1.026340865999999963e+00 6.065013511000000079e+00
1.026851308999999990e+00 6.443650990000000078e+00
1.027374020999999971e+00 6.768601074000000217e+00
1.027900411999999930e+00 7.179982835999999757e+00
1.028372062000000087e+00 7.625438497000000204e+00
1.028908638999999958e+00 8.051447142000000667e+00
1.029446556999999984e+00 8.525990644000000174e+00
1.029931246999999939e+00 8.997542234000000860e+00
1.030466485000000043e+00 9.535579602000000321e+00
1.030974402000000012e+00 1.002957012000000070e+01
1.031494619000000057e+00 1.051209187000000078e+01
1.032010741999999981e+00 1.102985121000000035e+01
1.032532989999999984e+00 1.159514792000000050e+01
1.033066526000000040e+00 1.216543096999999918e+01
1.033554432999999939e+00 1.281067692000000058e+01
1.034088855999999890e+00 1.330815796000000084e+01
1.034598753000000038e+00 1.390503554000000008e+01
1.035102195999999974e+00 1.452136014000000053e+01
1.035594391999999919e+00 1.511341758000000013e+01
1.036117144000000101e+00 1.567522377000000056e+01
1.036662020999999934e+00 1.643116884000000155e+01
1.037181876000000003e+00 1.701441674999999876e+01
1.037696195999999960e+00 1.759683365000000066e+01
1.038195721999999988e+00 1.827499008999999930e+01
1.038727917999999972e+00 1.891458490000000126e+01
1.039219753000000024e+00 1.952608936000000028e+01
1.039758082000000083e+00 2.027139667000000145e+01
1.040269732000000058e+00 2.080478009999999855e+01
1.040771289000000044e+00 2.158898171999999960e+01
1.041305195999999933e+00 2.217837966000000094e+01
1.041830763000000104e+00 2.292003023999999911e+01
1.042324567000000091e+00 2.356643989000000161e+01
1.042850875999999927e+00 2.430127564000000007e+01
1.043368741999999960e+00 2.492408267000000066e+01
1.043874495000000069e+00 2.561719868000000133e+01
1.044382495000000022e+00 2.629419169999999895e+01
1.044921339999999921e+00 2.698797251999999958e+01
1.045418463999999936e+00 2.770868026999999856e+01
1.045915546000000029e+00 2.845066298000000060e+01
1.046469732000000041e+00 2.907380296999999914e+01
1.047008989999999917e+00 2.979351295000000022e+01
1.047483442999999959e+00 3.056026141999999979e+01
1.047995597999999973e+00 3.119719672000000088e+01
1.048531947999999936e+00 3.195264290000000074e+01
1.049039360999999948e+00 3.264808629000000195e+01
1.049555196000000024e+00 3.340004391000000084e+01
1.050068186000000070e+00 3.410595857999999936e+01
1.050572319999999893e+00 3.478062393999999813e+01
1.051104247000000047e+00 3.551545940999999829e+01
1.051610453999999972e+00 3.618696805999999810e+01
1.052132886999999961e+00 3.694806399000000141e+01
1.052649186000000014e+00 3.760411529999999658e+01
1.053179545999999966e+00 3.833529487999999930e+01
1.053688103000000043e+00 3.904336794999999682e+01
1.054205607999999961e+00 3.979565740000000318e+01
1.054694113000000044e+00 4.042212142999999713e+01
1.055222031000000005e+00 4.120017218000000270e+01
1.055766350999999936e+00 4.191572711999999967e+01
1.056246752999999927e+00 4.258756761000000068e+01
1.056782464000000088e+00 4.336595299999999753e+01
1.057279226999999988e+00 4.398127927000000170e+01
1.057790546000000109e+00 4.464597252000000083e+01
1.058312514999999898e+00 4.543832053999999943e+01
1.058831123999999901e+00 4.613193459000000018e+01
1.059367195999999955e+00 4.684250346999999692e+01
1.059860690999999910e+00 4.763252298999999823e+01
1.060364453999999901e+00 4.814496304000000038e+01
1.060882875999999975e+00 4.888744490999999925e+01
1.061405814000000003e+00 4.963973158000000296e+01
1.061941247000000033e+00 5.023511361999999991e+01
1.062433031000000083e+00 5.087387825999999791e+01
1.062968691000000021e+00 5.155419616999999732e+01
1.063469597999999960e+00 5.221439973999999751e+01
1.063994700999999932e+00 5.283255367000000291e+01
1.064522567000000031e+00 5.345818667999999718e+01
1.065021495000000096e+00 5.407650515000000269e+01
1.065535679999999985e+00 5.467487938000000014e+01
1.066047237000000036e+00 5.535203777000000258e+01
1.066572298999999946e+00 5.582541757999999987e+01
1.067092793999999900e+00 5.645936068999999691e+01
1.067612133999999990e+00 5.712754530000000130e+01
1.068104237000000012e+00 5.765610915999999975e+01
1.068616629000000096e+00 5.822107290999999663e+01
1.069139979000000018e+00 5.888909019999999828e+01
1.069671722000000047e+00 5.944308351000000101e+01
1.070188804000000049e+00 6.007835679000000084e+01
1.070703906999999955e+00 6.059595020999999804e+01
1.071213020999999932e+00 6.115991841999999679e+01
1.071717205999999978e+00 6.167701267000000342e+01
1.072235484999999988e+00 6.236397864999999996e+01
1.072762669999999918e+00 6.286760944000000251e+01
1.073298504999999903e+00 6.344620118999999647e+01
1.073795505000000094e+00 6.400817553000000260e+01
1.074302268000000060e+00 6.416973437000000047e+01
1.074797463999999980e+00 6.477841535000000306e+01
1.075347215999999939e+00 6.547900932999999668e+01
1.075879330000000023e+00 6.604048450999999886e+01
1.076356226999999999e+00 6.644671150000000637e+01
1.076867597999999981e+00 6.679543153000000189e+01
1.077386525999999956e+00 6.738898423000000548e+01
1.077917669999999939e+00 6.796408741000000475e+01
1.078410289000000022e+00 6.843048729999999580e+01
1.078955762999999957e+00 6.906958378000000209e+01
1.079469844999999983e+00 6.957637128999999732e+01
1.079981999999999998e+00 7.016011919999999691e+01
1.080515453999999931e+00 7.004327034000000651e+01
1.081030557000000059e+00 7.089561836000000028e+01
1.081541236999999933e+00 7.152274887000000092e+01
1.082031638999999990e+00 7.203335957999999550e+01
1.082569464000000092e+00 7.264403443000000493e+01
1.083086546000000094e+00 7.331936348000000692e+01
1.083584504999999920e+00 7.373905673000000149e+01
1.084118598000000100e+00 7.437732221000000266e+01
1.084651999999999950e+00 7.503619840000000352e+01
1.085141887000000027e+00 7.484554864999999779e+01
1.085662710999999891e+00 7.558653581999999460e+01
1.086182648999999945e+00 7.613305004000000054e+01
1.086685308999999933e+00 7.672344323999999460e+01
1.087196134000000036e+00 7.737916269999999486e+01
1.087725614000000007e+00 7.798567970999999943e+01
1.088241687000000013e+00 7.856327591999999527e+01
1.088756145000000064e+00 7.900075501000000600e+01
1.089266225999999893e+00 7.956605059999999696e+01
1.089797552999999919e+00 7.844061000000000661e+01
1.090300212000000046e+00 7.960810302999999521e+01
1.090805639000000049e+00 8.005555422999999848e+01
1.091342218999999947e+00 8.062400933000000691e+01
1.091865709999999989e+00 8.127690112999999883e+01
1.092357632999999995e+00 8.184219672000000401e+01
1.092873197999999935e+00 8.240067971000000568e+01
1.093410146000000083e+00 8.295417385999999738e+01
1.093904696000000065e+00 8.357132946000000118e+01
1.094416204999999920e+00 8.406166410000000155e+01
1.094928313999999903e+00 8.455565461999999854e+01
1.095458626999999963e+00 8.521569365999999945e+01
1.095960918999999922e+00 8.553914876000000334e+01
1.096512522999999906e+00 8.404853246999999783e+01
1.097011404000000079e+00 8.445791898000000231e+01
1.097514388000000007e+00 8.515303052000000150e+01
1.098031610999999907e+00 8.548994908999999609e+01
1.098541138999999944e+00 8.611375277000000494e+01
1.099066152000000018e+00 8.681002718000000584e+01
1.099564157999999958e+00 8.751344881999999359e+01
1.100106036999999981e+00 8.819725527999999315e+01
1.100615518999999987e+00 8.867728316999999549e+01
1.101133802999999967e+00 8.923277396999999667e+01
1.101639781000000040e+00 8.982034228999999925e+01
1.102160231999999906e+00 9.036004391000000169e+01
1.102667685999999980e+00 9.075397307999999441e+01
1.103186522999999974e+00 9.131112310000000321e+01
1.103711259000000000e+00 9.187974552000000017e+01
1.104234933999999946e+00 9.242975110000000427e+01
1.104723769000000022e+00 9.285658879999999726e+01
1.105244542000000108e+00 9.336088607000000650e+01
1.105784625000000077e+00 9.373204334999999787e+01
1.106284703999999897e+00 9.431180073999999536e+01
1.106796767000000070e+00 9.479997419000000036e+01
1.107346665999999979e+00 8.850209354000000417e+01
1.107822043000000090e+00 9.078605059999999582e+01
1.108321616000000009e+00 9.162028372999999704e+01
1.108847689000000081e+00 9.301815043000000571e+01
1.109374037999999896e+00 9.343069644000000551e+01
1.109885639000000035e+00 9.419595021000000656e+01
1.110406181000000103e+00 9.474844881999999302e+01
1.110922576000000106e+00 9.545303330999999503e+01
1.111442703000000032e+00 9.611706008000000168e+01
1.111962093000000040e+00 9.670595858000000078e+01
1.112483695000000106e+00 9.744312254999999823e+01
1.112980826000000034e+00 9.792132388000000276e+01
1.113511644999999994e+00 9.846999929000000407e+01
1.114039376000000026e+00 9.902581913999999585e+01
1.114528073000000008e+00 9.948191506999999945e+01
1.115053454999999971e+00 9.987883643000000689e+01
1.115552842999999905e+00 1.004551024999999953e+02
1.116080573999999936e+00 1.009422775999999971e+02
1.116571852999999948e+00 1.014633623999999941e+02
1.117107741000000098e+00 1.018900354999999962e+02
1.117627638000000090e+00 1.024262429999999995e+02
1.118150945000000007e+00 9.562672544999999502e+01
1.118677662999999933e+00 9.800792176999999583e+01
1.119184608999999941e+00 9.876935233000000380e+01
1.119677591999999944e+00 9.989778232999999830e+01
1.120205785000000009e+00 1.003818006999999994e+02
1.120726003999999998e+00 1.011284377000000063e+02
1.121245347999999975e+00 1.018140735000000063e+02
1.121740312000000017e+00 1.027787861999999990e+02
1.122249287000000040e+00 1.032963797000000028e+02
1.122785037000000097e+00 1.038945865999999967e+02
1.123290463000000017e+00 1.046005011999999965e+02
1.123811743000000085e+00 1.050861788999999931e+02
1.124340533999999892e+00 1.056124169999999935e+02
1.124837480000000056e+00 1.061446368000000007e+02
1.125353736000000104e+00 1.067001276000000018e+02
1.125878241999999974e+00 1.072418203000000005e+02
1.126387538999999993e+00 1.077974755999999985e+02
1.126902550999999919e+00 1.082412709000000035e+02
1.127436504000000062e+00 1.087006880999999936e+02
1.127941008000000078e+00 1.092061482000000012e+02
1.128451319999999924e+00 1.096281671999999929e+02
1.128964258000000109e+00 1.100480249000000015e+02
1.129493786999999916e+00 1.106670098999999965e+02
1.129993129000000041e+00 1.109193243999999936e+02
1.130496573000000060e+00 1.113376875000000013e+02
1.131062970999999973e+00 1.119129551999999990e+02
1.131549455999999898e+00 1.122586830999999989e+02
1.132056632000000063e+00 1.052701804999999950e+02
1.132575286000000014e+00 1.085371326000000067e+02
1.133076608999999957e+00 1.077981421000000068e+02
1.133603834000000088e+00 1.093288141000000024e+02
1.134125298000000059e+00 1.101218257999999963e+02
1.134634686999999920e+00 1.107931671999999992e+02
1.135162095999999954e+00 1.112135241000000008e+02
1.135668812000000027e+00 1.120213294999999931e+02
1.136198110000000039e+00 1.125901163999999994e+02
1.136708606000000010e+00 1.131652196000000004e+02
1.137222004999999925e+00 1.138834320999999932e+02
1.137713191000000013e+00 1.144111649000000028e+02
1.138258895999999964e+00 1.149779580000000010e+02
1.138775658999999996e+00 1.154134403999999989e+02
1.139278503000000109e+00 1.159189006000000006e+02
1.139812594999999984e+00 1.164118928000000039e+02
1.140312859000000012e+00 1.168099770000000035e+02
1.140821603000000017e+00 1.172182006000000030e+02
1.141393807999999899e+00 1.138809391000000062e+02
1.141888542000000006e+00 1.134996423000000050e+02
1.142370695000000103e+00 1.142103785000000045e+02
1.142890683999999935e+00 1.142808526000000029e+02
1.143404727999999926e+00 1.156860338999999982e+02
1.143924901000000105e+00 1.163465721000000030e+02
1.144424520000000056e+00 1.170277209999999997e+02
1.144951606000000011e+00 1.175278603999999945e+02
1.145463761000000025e+00 1.180240120999999931e+02
1.145983704000000047e+00 1.185108553999999970e+02
1.146502125999999899e+00 1.191782062000000053e+02
1.147022484000000064e+00 1.197220628999999974e+02
1.147530168000000073e+00 1.202506266999999980e+02
1.148044395999999967e+00 1.207544220000000053e+02
1.148560054000000052e+00 1.213793914000000029e+02
1.149099952000000036e+00 1.218228519999999975e+02
1.149598418999999927e+00 1.222840985999999930e+02
1.150106378999999901e+00 1.226406295000000028e+02
1.150632912000000063e+00 1.230300689999999975e+02
1.151137692999999906e+00 1.234811760999999990e+02
1.151642242999999954e+00 1.238859111999999953e+02
1.152189885000000080e+00 1.208360339000000039e+02
1.152691761000000037e+00 1.211977181999999971e+02
1.153212120000000063e+00 1.212746757999999971e+02
1.153720955999999909e+00 1.218459557999999987e+02
1.154250114999999965e+00 1.227863992000000053e+02
1.154747983999999894e+00 1.234662179000000037e+02
1.155255852000000028e+00 1.239670238000000069e+02
1.155791602000000085e+00 1.246849045000000018e+02
1.156282833999999982e+00 1.250510756999999984e+02
1.156807246999999927e+00 1.256509446000000025e+02
1.157310644999999916e+00 1.261278157999999934e+02
1.157847547000000032e+00 1.265750996999999956e+02
1.158364079999999907e+00 1.270268731999999972e+02
1.158861672000000009e+00 1.275092267999999933e+02
1.159379034000000086e+00 1.278755653999999993e+02
