1.000000000000000000e+00 0.000000000000000000e+00
1.000568402000000079e+00 9.009011499999999839e-02
1.001125655000000059e+00 -3.821357799999999805e-02
1.001728689999999977e+00 3.266300500000000190e-02
1.002322839000000076e+00 -4.931473100000000054e-02
1.002876493999999896e+00 -6.682039400000000517e-02
1.003453930999999910e+00 -6.319117100000000431e-02
1.004044230000000093e+00 7.044960999999999758e-03
1.004602562999999948e+00 -5.337091999999999878e-03
1.005157241000000035e+00 9.201146799999999903e-02
1.005746966000000020e+00 5.358440500000000162e-02
1.006314908000000008e+00 -9.553394900000000689e-02
1.006904322000000018e+00 -4.248325199999999913e-02
1.007479873999999942e+00 -4.696640000000000190e-03
1.008052643999999942e+00 -3.351693800000000306e-02
1.008630391000000071e+00 -5.849453000000000291e-02
1.009218884999999899e+00 1.046070200000000054e-02
1.009775217999999919e+00 -4.867428000000000032e-02
1.010362989000000100e+00 -5.849453000000000291e-02
1.010914333000000109e+00 5.998891499999999682e-02
1.011510069000000067e+00 -3.565177700000000255e-02
1.012077805000000108e+00 2.023825320000000039e-01
1.012645172000000038e+00 1.065283600000000025e-01
1.013245643999999945e+00 1.157081549999999931e-01
1.013807471000000016e+00 2.346185709999999980e-01
1.014387793000000038e+00 3.424278370000000127e-01
1.014944988999999964e+00 4.130909460000000144e-01
1.015546126000000049e+00 5.302934889999999513e-01
1.016101632000000032e+00 8.624740760000000339e-01
1.016681747000000025e+00 1.147047821999999995e+00
1.017276000000000069e+00 1.476239692000000048e+00
1.017847023000000073e+00 2.104949148000000214e+00
1.018425286999999901e+00 2.592759355000000099e+00
1.018990241000000019e+00 3.119637077000000147e+00
1.019555621000000079e+00 3.688357492999999820e+00
1.020129368000000092e+00 4.216943095000000419e+00
1.020726851000000046e+00 4.918664083000000353e+00
1.021311126000000069e+00 5.571924111999999596e+00
1.021861700999999956e+00 6.263824900000000362e+00
1.022451218000000051e+00 7.001197392999999991e+00
1.023025322000000070e+00 7.773581347000000363e+00
1.023573276000000032e+00 8.405493238000000034e+00
1.024161724000000051e+00 9.228472822000000519e+00
1.024763620999999958e+00 9.977373610000000781e+00
1.025316667000000015e+00 1.061312790999999933e+01
1.025874897000000008e+00 1.148029874999999933e+01
1.026458966000000084e+00 1.230455914000000028e+01
1.027041966000000084e+00 1.302890943000000057e+01
1.027618735999999977e+00 1.380236071999999936e+01
1.028197988999999923e+00 1.464071099999999959e+01
1.028778355999999894e+00 1.547948857999999994e+01
1.029339253000000065e+00 1.615516444000000007e+01
1.029898149000000096e+00 1.717625685000000146e+01
1.030504378999999915e+00 1.788160677999999848e+01
1.031085677999999950e+00 1.867533922999999874e+01
1.031621861999999945e+00 1.953759996999999871e+01
1.032244828000000059e+00 2.040541085999999993e+01
1.032819700999999979e+00 2.125891873999999859e+01
1.033335184000000018e+00 2.200205555999999874e+01
1.033938677999999944e+00 2.281991157999999942e+01
1.034534161000000063e+00 2.358994703000000115e+01
1.035099632000000103e+00 2.458862397000000044e+01
1.035652782000000105e+00 2.523825469999999882e+01
1.036252884999999901e+00 2.613381881000000106e+01
1.036818401999999972e+00 2.695509065999999976e+01
1.037363897000000090e+00 2.763226079000000013e+01
1.037994724000000035e+00 2.848299323999999899e+01
1.038543494000000011e+00 2.932561322000000104e+01
1.039122896999999934e+00 3.009458169999999910e+01
1.039703068999999980e+00 3.088340369999999879e+01
1.040298552000000099e+00 3.173968664999999945e+01
1.040838171999999950e+00 3.241002547000000078e+01
1.041406011000000076e+00 3.320845455999999984e+01
1.042007861999999951e+00 3.403762504000000177e+01
1.042583666999999936e+00 3.481854839999999740e+01
1.043130437000000077e+00 3.572073069999999717e+01
1.043721861999999945e+00 3.650997927000000232e+01
1.044328539999999972e+00 3.721703871999999791e+01
1.044875160999999997e+00 3.791235391000000021e+01
1.045450908000000068e+00 3.875689546000000263e+01
1.046039401999999896e+00 3.955553800999999936e+01
1.046614230000000090e+00 4.034948500000000138e+01
1.047175379000000017e+00 4.107041980999999709e+01
1.047763414000000060e+00 4.200782669000000169e+01
1.048350931000000097e+00 4.272769059000000169e+01
1.048900839000000085e+00 4.362005448000000030e+01
1.049485321999999998e+00 4.425495420000000024e+01
1.050055417999999907e+00 4.507793414000000354e+01
1.050636306999999992e+00 4.593891193000000328e+01
1.051193454999999943e+00 4.676168056000000206e+01
1.051796900999999895e+00 4.749520849999999683e+01
1.052372805999999938e+00 4.830260462999999760e+01
1.052932575999999898e+00 4.899130447999999660e+01
1.053526308999999994e+00 4.995176651999999962e+01
1.054102316999999900e+00 5.077218556999999777e+01
1.054654122000000083e+00 5.138488256000000121e+01
1.055224528999999967e+00 5.223668414000000126e+01
1.055815179000000104e+00 5.317558456999999805e+01
1.056396786999999948e+00 5.396952798000000229e+01
1.056953475000000031e+00 5.461852153000000243e+01
1.057530611000000009e+00 5.555080304999999896e+01
1.058113606999999901e+00 5.626255806999999720e+01
1.058671630000000086e+00 5.702960319000000311e+01
1.059266443000000057e+00 5.783507955999999695e+01
1.059844607999999910e+00 5.871270849999999797e+01
1.060385982999999976e+00 5.951241837999999973e+01
1.060984648999999891e+00 6.016354659999999654e+01
1.061554746999999965e+00 6.112870420000000138e+01
1.062157165999999986e+00 6.189126867000000232e+01
1.062706504999999968e+00 6.273474287999999888e+01
1.063273775999999948e+00 6.333612540000000024e+01
1.063855282000000013e+00 6.425261179000000311e+01
1.064464636000000075e+00 6.513088184999999442e+01
1.065002876000000098e+00 6.572415549000000112e+01
1.065568298000000080e+00 6.654969631999999535e+01
1.066140810999999911e+00 6.744333887000000516e+01
1.066736394999999948e+00 6.810001508999999942e+01
1.067312145000000045e+00 6.891744344999999328e+01
1.067896168000000090e+00 6.973914116000000263e+01
1.068449412999999959e+00 7.043616480000000024e+01
1.069044174000000069e+00 7.110928085000000465e+01
1.069615042999999988e+00 7.197111465999999780e+01
1.070172756999999919e+00 7.262608242000000303e+01
1.070777590999999918e+00 7.339184889999999939e+01
1.071335047999999901e+00 7.421717483000000470e+01
1.071915114000000058e+00 7.493554874999999527e+01
1.072498109000000088e+00 7.553245062000000587e+01
1.073047756000000019e+00 7.643441694999999925e+01
1.073644059999999900e+00 7.708468915000000266e+01
1.074216521999999951e+00 7.780135463000000584e+01
1.074804552000000024e+00 7.866019774999999470e+01
1.075361291000000108e+00 7.921290906999999493e+01
1.075930515000000032e+00 7.991164116000000206e+01
1.076513304999999976e+00 8.071433815000000322e+01
1.077081501000000108e+00 8.127110390999999368e+01
1.077651958999999993e+00 8.203281235999999410e+01
1.078236033000000038e+00 8.281181666000000519e+01
1.078858644999999949e+00 8.351502940999999680e+01
1.079401765999999929e+00 8.402226794999999981e+01
1.079947714000000003e+00 8.484567411000000448e+01
1.080544632999999921e+00 8.545516910000000621e+01
1.081128655999999966e+00 8.616820635000000550e+01
1.081687244999999908e+00 8.678944201999999564e+01
1.082272756999999919e+00 8.746405162000000644e+01
1.082858115999999926e+00 8.801014403000000641e+01
1.083409459999999935e+00 8.869393341999999336e+01
1.083994354999999965e+00 8.931901222000000473e+01
1.084580690999999986e+00 8.977864331000000675e+01
1.085132186999999915e+00 9.031726079000000595e+01
1.085701309000000059e+00 9.097201723000000584e+01
1.086311639999999912e+00 9.169124360000000706e+01
1.086881275999999952e+00 9.225270491000000561e+01
1.087426863999999993e+00 9.275375076000000263e+01
1.088029590000000102e+00 9.340701006999999834e+01
1.088584940999999917e+00 9.407585677999999518e+01
1.089145223999999912e+00 9.446674502999999845e+01
1.089728424999999890e+00 9.506641910000000451e+01
1.090314656999999965e+00 9.577838900999999794e+01
1.090896161999999947e+00 9.642673786999999663e+01
1.091473866000000070e+00 9.690472855000000152e+01
1.092078493000000039e+00 9.764466050000000052e+01
1.092636104999999969e+00 9.821444918000000257e+01
1.093183645000000093e+00 9.871314904000000467e+01
1.093772702999999957e+00 9.924130807000000232e+01
1.094357446000000067e+00 9.840274431000000277e+01
1.094911101000000109e+00 9.875136179000000425e+01
1.095488752000000066e+00 9.918345347999999717e+01
1.096077039000000086e+00 9.981301652000000502e+01
1.096638967999999936e+00 1.003129950000000008e+02
1.097194062000000025e+00 1.009709498999999937e+02
1.097787692999999898e+00 1.014850186999999977e+02
1.098370070999999948e+00 1.021878087999999991e+02
1.098938576999999972e+00 1.027202371000000056e+02
1.099498706000000103e+00 1.033075294000000071e+02
1.100110217999999973e+00 1.039018704000000071e+02
1.100676154999999934e+00 1.045397571999999968e+02
1.101208382999999902e+00 1.049537042000000042e+02
1.101837109000000092e+00 1.055111074999999943e+02
1.102402171000000042e+00 1.060836720000000071e+02
1.102968877999999986e+00 1.066562363999999974e+02
1.103553467000000010e+00 1.072262364000000048e+02
1.104143756999999892e+00 1.078210035999999974e+02
1.104703836000000106e+00 1.083794742999999983e+02
1.105248138999999963e+00 1.088324863999999934e+02
1.105857955999999920e+00 1.094095350999999994e+02
1.106430161000000023e+00 1.098196353999999957e+02
1.106995788999999952e+00 1.103849399000000062e+02
1.107574314000000060e+00 1.110367056000000048e+02
1.108175447000000036e+00 1.114380558999999948e+02
1.108714921000000020e+00 1.120648431999999985e+02
1.109283116999999930e+00 1.123946784000000036e+02
1.109876389000000074e+00 1.129710824000000002e+02
1.110411135999999965e+00 1.135060717000000068e+02
1.111007644000000072e+00 1.140410645000000045e+02
1.111598244000000069e+00 1.144799864000000014e+02
1.112159915000000110e+00 1.149788975999999963e+02
1.112754830999999944e+00 1.155348072999999971e+02
1.113309874000000033e+00 1.158289871000000062e+02
1.113904841000000090e+00 1.164079555999999940e+02
1.114449658999999926e+00 1.170044312999999931e+02
1.115058807999999901e+00 1.173404519999999991e+02
1.115617961000000102e+00 1.179952085000000039e+02
1.116181121999999970e+00 1.184191876999999948e+02
1.116760930999999957e+00 1.188068739999999934e+02
1.117356514999999995e+00 1.193311898999999983e+02
1.117915720000000057e+00 1.199046067999999963e+02
1.118488233000000109e+00 1.202824721000000068e+02
1.119071227999999918e+00 1.206981240000000071e+02
1.119640194999999894e+00 1.212354627999999934e+02
1.120234546000000053e+00 1.216760931999999968e+02
1.120796832999999992e+00 1.220187363999999945e+02
1.121388153000000054e+00 1.226444563000000016e+02
1.121956401000000048e+00 1.229830416000000071e+02
1.122489657000000030e+00 1.234877156999999954e+02
1.123085343999999930e+00 1.239518309999999985e+02
1.123696599999999934e+00 1.244093237999999957e+02
1.124234224000000060e+00 1.248996963000000022e+02
1.124828009000000018e+00 1.252707314000000025e+02
1.125381151000000024e+00 1.256902264000000002e+02
1.125952276000000030e+00 1.260977694000000042e+02
1.126525353999999979e+00 1.265986003000000011e+02
1.127115851999999974e+00 1.270953767999999968e+02
1.127685127999999981e+00 1.273983101999999974e+02
1.128273362999999918e+00 1.278910323000000062e+02
1.128859287000000045e+00 1.283026260999999977e+02
1.129401072000000061e+00 1.286689657000000011e+02
1.130001948999999950e+00 1.291896533000000034e+02
1.130541011000000040e+00 1.295997536000000139e+02
1.131139936000000068e+00 1.299492271000000017e+02
1.131681053999999964e+00 1.303584749999999985e+02
1.132285269999999899e+00 1.308381741000000034e+02
1.132892569000000016e+00 1.312307707999999877e+02
1.133418322999999894e+00 1.317064119000000062e+02
1.133995153000000089e+00 1.320821425999999974e+02
1.134600037000000006e+00 1.325509534999999914e+02
1.135167411000000071e+00 1.328786504999999920e+02
1.135708785999999915e+00 1.332383710999999948e+02
1.136315057000000017e+00 1.337202013000000136e+02
1.136903500000000067e+00 1.341089548999999863e+02
1.137442663999999937e+00 1.344080487999999889e+02
1.138039019999999901e+00 1.347611505000000136e+02
1.138638714000000052e+00 1.353445996000000093e+02
1.139184661999999904e+00 1.356315229999999872e+02
1.139745047999999983e+00 1.359775796000000128e+02
1.140377937000000008e+00 1.363942988000000014e+02
1.140939248000000017e+00 1.368298072999999988e+02
1.141466851999999976e+00 1.370509749999999940e+02
1.142060123999999899e+00 1.375823359999999980e+02
1.142653600999999908e+00 1.378679770999999903e+02
1.143198520999999968e+00 1.383606991999999991e+02
1.143776120999999923e+00 1.387223395999999980e+02
1.144387891000000046e+00 1.390852621999999883e+02
1.144924229999999987e+00 1.394996318000000031e+02
1.145486414999999925e+00 1.397615767000000062e+02
1.146099468999999926e+00 1.402218488999999977e+02
1.146666586000000043e+00 1.405941626999999983e+02
1.147206316999999975e+00 1.408962435999999911e+02
1.147790185999999935e+00 1.412491304000000127e+02
1.148409714000000026e+00 1.416389513000000022e+02
1.148952168000000107e+00 1.419879985999999974e+02
1.149533724000000090e+00 1.422751332999999931e+02
1.150146829999999953e+00 1.428032923000000096e+02
1.150700075000000044e+00 1.431205308000000116e+02
1.151254911000000103e+00 1.434339227000000108e+02
1.151850392999999917e+00 1.437787006000000076e+02
1.152423728000000036e+00 1.442097249999999917e+02
1.152984884999999959e+00 1.444108244999999897e+02
1.153556986999999978e+00 1.448079055000000039e+02
1.154145890999999979e+00 1.451407242999999880e+02
1.154693482999999965e+00 1.455066376000000048e+02
1.155252378999999996e+00 1.457243919000000005e+02
1.155860090000000007e+00 1.461406848999999966e+02
1.156415388999999960e+00 1.463680452000000116e+02
1.157020581999999909e+00 1.468520101000000011e+02
1.157588572999999954e+00 1.471856849000000125e+02
1.158165555999999929e+00 1.475537329000000000e+02
1.158731645999999893e+00 1.477631598000000110e+02
1.159299021000000041e+00 1.481318453000000090e+02
1.159884893000000083e+00 1.484125760000000014e+02
1.160449236000000051e+00 1.486950151000000062e+02
1.161029560000000016e+00 1.490122536000000082e+02
1.161603100000000000e+00 1.492940515999999889e+02
1.162185427000000049e+00 1.496612436000000059e+02
1.162755473999999900e+00 1.499761325999999997e+02
1.163306611000000101e+00 1.502081884000000116e+02
1.163896183000000084e+00 1.506550078999999869e+02
1.164486217999999962e+00 1.508655057999999940e+02
1.165079900999999918e+00 1.512613044999999943e+02
1.165626618999999975e+00 1.515176978000000076e+02
1.166190704999999994e+00 1.518567092000000116e+02
1.166787266000000045e+00 1.521743740000000003e+02
1.167359059000000032e+00 1.524559571000000062e+02
1.167960861000000072e+00 1.527983854000000008e+02
1.168513230999999930e+00 1.530157135000000039e+02
1.169068581999999967e+00 1.533528015999999923e+02
1.169653837999999890e+00 1.537261862999999948e+02
1.170246802000000086e+00 1.539287830000000099e+02
1.170766594999999910e+00 1.542882887000000096e+02
1.171365417000000075e+00 1.546053124000000025e+02
1.171950878000000085e+00 1.549202013000000022e+02
1.172522260000000038e+00 1.551435036000000025e+02
1.173099705999999909e+00 1.555510429999999928e+02
1.173664923000000027e+00 1.557903589000000011e+02
1.174257681000000053e+00 1.560894491999999900e+02
1.174806556999999918e+00 1.564572823000000028e+02
1.175411750000000088e+00 1.566462148999999897e+02
1.175965353999999907e+00 1.570238689999999906e+02
1.176533652999999902e+00 1.573694993000000011e+02
1.177108016000000035e+00 1.576156454999999994e+02
1.177700053999999996e+00 1.579249829000000034e+02
1.178250062000000042e+00 1.582091303999999923e+02
1.178855973999999973e+00 1.584676584000000048e+02
1.179401150999999981e+00 1.587917271000000028e+02
1.179960201000000097e+00 1.591939298000000065e+02
1.180574025999999943e+00 1.594253445999999883e+02
1.181145408999999979e+00 1.595649649000000068e+02
1.181705897999999921e+00 1.600248072999999920e+02
1.182297423000000069e+00 1.603066053000000011e+02
1.182880930999999913e+00 1.605482708000000116e+02
1.183454883000000013e+00 1.608401010000000042e+02
1.184023902000000072e+00 1.611248897000000113e+02
1.184616762999999962e+00 1.613960144000000128e+02
1.185156287000000086e+00 1.616965982000000110e+02
1.185720579000000052e+00 1.619480845999999872e+02
1.186322483999999955e+00 1.621673288000000070e+02
1.186891297000000067e+00 1.625806346999999903e+02
1.187464631999999964e+00 1.628109820999999897e+02
1.188053690000000051e+00 1.631295029000000056e+02
1.188651689000000067e+00 1.633765014999999892e+02
1.189189467000000056e+00 1.636077048999999874e+02
1.189752627999999923e+00 1.638941984999999875e+02
1.190369844999999982e+00 1.643363260000000139e+02
1.190923447999999940e+00 1.644861898999999994e+02
1.191449100000000039e+00 1.647451475999999957e+02
1.192067857000000064e+00 1.651528983000000039e+02
1.192654963000000068e+00 1.653420458999999880e+02
1.193205792000000098e+00 1.655849900000000048e+02
1.193781902000000006e+00 1.659032958999999892e+02
1.194385758999999991e+00 1.661423968999999943e+02
1.194914287000000019e+00 1.664999828999999920e+02
1.195504066000000032e+00 1.666421604999999886e+02
1.196086444000000082e+00 1.669687936999999920e+02
1.196678174999999955e+00 1.672341519000000005e+02
1.197233422000000047e+00 1.674057923000000017e+02
1.197815698000000095e+00 1.677347714999999937e+02
1.198412360999999926e+00 1.680887293000000113e+02
1.198950240999999917e+00 1.683171533000000011e+02
1.199523370999999949e+00 1.684853803999999968e+02
1.200130515999999981e+00 1.689146963000000028e+02
1.200667061000000091e+00 1.692308639000000028e+02
1.201251392000000084e+00 1.693431562000000099e+02
1.201859462000000045e+00 1.697240122000000042e+02
1.202434749000000025e+00 1.699883065999999872e+02
1.202989175999999993e+00 1.700435966999999948e+02
1.203554701000000060e+00 1.705000258000000031e+02
1.204154549000000074e+00 1.708817343000000051e+02
1.204710825000000041e+00 1.710459032999999920e+02
1.205290737999999973e+00 1.713236469000000000e+02
1.205863455999999889e+00 1.716788832999999954e+02
1.206458062999999914e+00 1.718981311000000005e+02
1.206992553000000079e+00 1.720701977999999883e+02
1.207569176000000022e+00 1.724563904000000036e+02
1.208175396999999984e+00 1.725313223999999934e+02
1.208733317000000085e+00 1.728799434999999960e+02
1.209275102000000102e+00 1.731476512000000128e+02
1.209880808999999946e+00 1.733901691000000085e+02
1.210477060999999965e+00 1.736217987999999934e+02
1.211034055999999914e+00 1.738611110999999880e+02
1.211595881999999902e+00 1.741894492000000128e+02
1.212204054000000086e+00 1.744531025000000000e+02
1.212733609999999906e+00 1.747901942000000020e+02
1.213327910000000065e+00 1.748864763999999923e+02
1.213921695000000023e+00 1.751251512000000048e+02
1.214500579999999941e+00 1.755222286000000054e+02
1.215052129000000036e+00 1.755873431999999923e+02
1.215640261999999971e+00 1.760454770999999994e+02
1.216214110999999987e+00 1.761754879000000074e+02
1.216762576999999901e+00 1.764423432000000105e+02
1.217338993999999897e+00 1.767264906999999994e+02
1.217919112999999998e+00 1.769775472999999977e+02
1.218479292999999908e+00 1.771423575000000028e+02
1.219075544999999927e+00 1.774307743999999900e+02
1.219650523999999958e+00 1.776735036000000036e+02
1.220214917999999926e+00 1.779369419999999877e+02
1.220795859000000094e+00 1.781130666999999903e+02
1.221379573999999968e+00 1.785472929999999963e+02
1.221945303000000038e+00 1.786802945000000022e+02
1.222520282999999930e+00 1.790728911999999866e+02
1.223094850999999927e+00 1.792705774000000076e+02
1.223668597999999941e+00 1.794511827000000039e+02
1.224247276000000051e+00 1.796868704000000037e+02
1.224859560000000069e+00 1.800532062999999994e+02
1.225409463999999948e+00 1.802615658999999937e+02
1.225962862000000042e+00 1.805638618000000122e+02
1.226531470000000068e+00 1.807214118999999926e+02
