1.000000000000000000e+00 0.000000000000000000e+00
1.000618693999999920e+00 -1.736976550000000064e-01
1.001198000000000032e+00 -1.048837080000000060e-01
1.001793399999999945e+00 4.220929999999999821e-02
1.002390893999999921e+00 1.048837300000000049e-02
1.002970670999999925e+00 -6.651161799999999458e-02
1.003562387999999972e+00 4.272092699999999882e-02
1.004135224000000104e+00 -6.753487599999999369e-02
1.004723365000000035e+00 -2.199999600000000083e-02
1.005337388000000054e+00 5.525580699999999706e-02
1.005914482000000110e+00 -5.858138599999999918e-02
1.006503624000000041e+00 2.225581100000000034e-02
1.007075718000000064e+00 8.544185399999999764e-02
1.007667587999999892e+00 2.660464800000000157e-02
1.008266624000000000e+00 6.651162200000000635e-02
1.008858024000000020e+00 1.143488240000000017e-01
1.009469611999999961e+00 -3.760464799999999747e-02
1.010043658999999927e+00 -1.995348499999999997e-02
1.010624906000000101e+00 2.831860210000000100e-01
1.011214317999999945e+00 3.351162700000000216e-02
1.011798823999999986e+00 2.225581160000000003e-01
1.012423411999999967e+00 3.095348629999999934e-01
1.012980152999999994e+00 1.102558029999999994e-01
1.013574235000000101e+00 2.660464849999999992e-01
1.014162634999999923e+00 3.993255490000000019e-01
1.014767082000000098e+00 1.882790520000000023e-01
1.015364635000000071e+00 3.670929740000000163e-01
1.015921271000000070e+00 5.139301849999999838e-01
1.016518881999999957e+00 3.384418149999999792e-01
1.017106341000000080e+00 4.671162360000000180e-01
1.017672753000000041e+00 5.269767079999999604e-01
1.018283306000000055e+00 5.126511289999999832e-01
1.018881587999999949e+00 6.136976090000000328e-01
1.019481623999999975e+00 7.978836179999999612e-01
1.020076706000000000e+00 6.704882960000000391e-01
1.020640117999999985e+00 8.516045620000000094e-01
1.021224375999999934e+00 9.004650339999999975e-01
1.021838282000000042e+00 8.237208280000000160e-01
1.022405011999999891e+00 1.086441729999999994e+00
1.022993634999999957e+00 1.267046364999999897e+00
1.023574458999999992e+00 1.051139411999999940e+00
1.024189258999999907e+00 1.372953360999999983e+00
1.024780975999999955e+00 1.418488210000000027e+00
1.025355811999999922e+00 1.521837051999999968e+00
1.025953058999999890e+00 1.707557953000000017e+00
1.026567328999999917e+00 1.934976535999999969e+00
1.027138329000000017e+00 1.883557952999999952e+00
1.027728835000000007e+00 2.194627651999999873e+00
1.028335376000000023e+00 2.113790484999999997e+00
1.028904435000000062e+00 2.385464863000000157e+00
1.029483576000000067e+00 2.623371815000000051e+00
1.030090224000000054e+00 2.691162502000000067e+00
1.030701928999999906e+00 2.815999711999999988e+00
1.031248624000000058e+00 3.191790355999999829e+00
1.031828034999999977e+00 3.403860099000000083e+00
1.032416494000000018e+00 3.463464733999999989e+00
1.033032976000000103e+00 3.859976322000000071e+00
1.033619328999999976e+00 4.009371643999999790e+00
1.034202787999999984e+00 4.140604219000000086e+00
1.034801234999999986e+00 4.439138983000000316e+00
1.035364976000000103e+00 4.760697352000000215e+00
1.035968258999999891e+00 4.893208940000000062e+00
1.036575282000000042e+00 5.248022674000000443e+00
1.037134975999999931e+00 5.695952716999999943e+00
1.037714070999999905e+00 5.810557438000000019e+00
1.038332446999999936e+00 6.175860013000000315e+00
1.038921058999999980e+00 6.448557437999999919e+00
1.039511518000000079e+00 6.890859584000000204e+00
1.040070881999999974e+00 7.300417953000000182e+00
1.040690587999999916e+00 7.733766451000000153e+00
1.041255894000000071e+00 7.823557437999999919e+00
1.041846671000000057e+00 8.407580614000000452e+00
1.042457423999999966e+00 8.930464304999999214e+00
1.043000012000000032e+00 9.122836407999999508e+00
1.043614975999999972e+00 9.760580185000000242e+00
1.044198705999999977e+00 1.035867331999999941e+01
1.044808928999999997e+00 1.062446388000000042e+01
1.045393387999999923e+00 1.134432439000000059e+01
1.045987318000000110e+00 1.189151022999999974e+01
1.046582764999999915e+00 1.236118491000000041e+01
1.047139975999999972e+00 1.285183598000000060e+01
1.047757787999999968e+00 1.359113812000000010e+01
1.048324306000000039e+00 1.398509134000000032e+01
1.048937424000000007e+00 1.464816129999999994e+01
1.049525776000000077e+00 1.532785873000000088e+01
1.050097459000000066e+00 1.578781236999999926e+01
1.050716835000000016e+00 1.643092868000000095e+01
1.051283200000000084e+00 1.739867246000000023e+01
1.051861200000000052e+00 1.791592825000000033e+01
1.052435929000000048e+00 1.874450979999999944e+01
1.053035471000000056e+00 1.931471880999999868e+01
1.053627928999999908e+00 1.999518404999999888e+01
1.054212541000000058e+00 2.079792782000000173e+01
1.054799212000000042e+00 2.159683469000000144e+01
1.055381200000000019e+00 2.207520678999999930e+01
1.055975493999999903e+00 2.294727675000000033e+01
1.056582670999999918e+00 2.371650894000000065e+01
1.057166129000000065e+00 2.428646258999999930e+01
1.057734764999999966e+00 2.528490422000000137e+01
1.058320847000000064e+00 2.601806687999999923e+01
1.058918081999999927e+00 2.666604369999999946e+01
1.059526528999999995e+00 2.744295057000000071e+01
1.060092634999999950e+00 2.818404370000000014e+01
1.060693187999999898e+00 2.887218276000000117e+01
1.061274905999999962e+00 2.966904326999999952e+01
1.061879717999999917e+00 3.060353169000000051e+01
1.062459129000000058e+00 3.129908963000000099e+01
1.063040435000000006e+00 3.208060120999999754e+01
1.063637246999999952e+00 3.277974069999999784e+01
1.064232435000000088e+00 3.363262438999999659e+01
1.064817423999999901e+00 3.448755443000000298e+01
1.065407459000000001e+00 3.525934499000000244e+01
1.065987859000000038e+00 3.586357761000000011e+01
1.066580258999999975e+00 3.680983340000000226e+01
1.067183706000000010e+00 3.765708920000000148e+01
1.067746446999999987e+00 3.824929820999999919e+01
1.068336012000000057e+00 3.908529820999999771e+01
1.068903740999999963e+00 3.994841452000000004e+01
1.069538740999999904e+00 4.051453039999999817e+01
1.070119940999999963e+00 4.144466987999999930e+01
1.070699658999999970e+00 4.219829777999999720e+01
1.071286071000000062e+00 4.290152910999999847e+01
1.071867635000000041e+00 4.352111279999999738e+01
1.072465247000000010e+00 4.434534456000000091e+01
1.073042341000000066e+00 4.497848189999999846e+01
1.073642106000000096e+00 4.572367074000000287e+01
1.074221400000000104e+00 4.665764499000000143e+01
1.074797188000000014e+00 4.719434455999999756e+01
1.075411152999999898e+00 4.799759777999999955e+01
1.076002552999999917e+00 4.882567073999999963e+01
1.076578693999999947e+00 4.945164498999999836e+01
1.077161365000000037e+00 5.004180808000000269e+01
1.077764917999999961e+00 5.095915571999999827e+01
1.078345694000000021e+00 5.149227160000000225e+01
1.078930941000000088e+00 5.224718147000000101e+01
1.079524399999999940e+00 5.303918147000000261e+01
1.080133835000000042e+00 5.359557631999999927e+01
1.080703624000000085e+00 5.443259778000000182e+01
1.081294493999999995e+00 5.517982954000000007e+01
1.081913246999999911e+00 5.574748189999999681e+01
1.082463729000000097e+00 5.663797117000000014e+01
1.083059540999999903e+00 5.730155057000000340e+01
1.083648318000000055e+00 5.779450336000000021e+01
1.084247718000000082e+00 5.861362352999999814e+01
1.084825128999999944e+00 5.942378233000000165e+01
1.085397270999999941e+00 5.998964499000000217e+01
1.085986364999999898e+00 6.082129735000000181e+01
1.086599482000000005e+00 6.144113425999999833e+01
1.087188470999999934e+00 6.207555056999999721e+01
1.087757729000000007e+00 6.285987674999999797e+01
1.088343870999999963e+00 6.354264498999999944e+01
1.088943529000000021e+00 6.417603984000000139e+01
1.089554600000000040e+00 6.492225014000000272e+01
1.090128270999999982e+00 6.571143469000000437e+01
1.090705529000000062e+00 6.621871366000000592e+01
1.091299658999999922e+00 6.714834027000000560e+01
1.091866658999999906e+00 6.775948189999999727e+01
1.092472105999999998e+00 6.852692396000000485e+01
1.093081965000000100e+00 6.927338747999999669e+01
1.093662318000000022e+00 6.997482954000000177e+01
1.094230164999999921e+00 7.064327160000000561e+01
1.094821765000000058e+00 7.146034027000000322e+01
1.095422952999999922e+00 7.228022439000000077e+01
1.095991106000000048e+00 7.275348189999999704e+01
1.096583400000000097e+00 7.355468790999999840e+01
1.097189482000000105e+00 7.439043469000000641e+01
1.097758424000000010e+00 7.490896687999999415e+01
1.098353764999999926e+00 7.559429305999999826e+01
1.098970411999999897e+00 7.644794541999999637e+01
1.099527517999999926e+00 7.721001409000000137e+01
1.100115082000000077e+00 7.771396688000000097e+01
1.100712165000000020e+00 7.870780378999999982e+01
1.101307035000000045e+00 7.923810851000000355e+01
1.101891340999999969e+00 8.005006129999999587e+01
1.102466965000000076e+00 8.067322439000000145e+01
1.103060624000000045e+00 8.118894541999999603e+01
1.103650024000000007e+00 8.198171365999999693e+01
1.104248106000000007e+00 8.283612997000000178e+01
1.104832988000000071e+00 8.336643469000000550e+01
1.105421494000000004e+00 8.443701409000000524e+01
1.106009529000000047e+00 8.513410851000000434e+01
1.106591353000000000e+00 8.556617717999999684e+01
1.107194905999999923e+00 8.653699263000000030e+01
1.107792141000000008e+00 8.722896688000000154e+01
1.108364718000000027e+00 8.781682954000000052e+01
1.108969635000000009e+00 8.859270936999999435e+01
1.109549305999999902e+00 8.927164070000000606e+01
1.110157011999999943e+00 8.994519864000000098e+01
1.110709340999999961e+00 9.078478232999999875e+01
1.111314152999999916e+00 9.160338747999999498e+01
1.111885459000000020e+00 9.221554627999999809e+01
1.112490376000000003e+00 9.305436172999999656e+01
1.113069411999999980e+00 9.374070937000000470e+01
1.113633105999999984e+00 9.441119863999999495e+01
1.114241494000000054e+00 9.510803554999999676e+01
1.114841458999999979e+00 9.597703554999999653e+01
1.115423400000000065e+00 9.663191967000000204e+01
1.115994493999999948e+00 9.728552482000000623e+01
1.116590471000000084e+00 9.809543039999999792e+01
1.117193024000000090e+00 9.858096688000000540e+01
1.117772012000000093e+00 9.952670937000000606e+01
1.118381247000000078e+00 1.002401772000000051e+02
1.118968600000000091e+00 1.008825247999999988e+02
1.119540481999999892e+00 1.016261772000000008e+02
1.120121259000000036e+00 1.023667566000000022e+02
1.120717187999999975e+00 1.030073145000000068e+02
1.121315529000000089e+00 1.037333145000000059e+02
1.121887411999999973e+00 1.046314775999999966e+02
1.122457258999999929e+00 1.052779196999999982e+02
1.123089575999999923e+00 1.060653144999999995e+02
1.123660834999999913e+00 1.067375935000000027e+02
1.124243705999999898e+00 1.074091042000000016e+02
1.124866093999999928e+00 1.082044304000000068e+02
1.125435611999999974e+00 1.089447566000000052e+02
1.126013128999999946e+00 1.094510097999999942e+02
1.126593646999999976e+00 1.103038939000000056e+02
1.127204870999999997e+00 1.110158251999999948e+02
1.127753140999999903e+00 1.115688939000000062e+02
1.128347012000000094e+00 1.123337779999999952e+02
1.128967612000000065e+00 1.131710570000000047e+02
1.129540282000000007e+00 1.137502201000000071e+02
1.130124528999999933e+00 1.144659883000000065e+02
1.130726611999999909e+00 1.152270354999999995e+02
1.131304234999999991e+00 1.156800827999999939e+02
1.131883117999999966e+00 1.165434518999999938e+02
1.132486455000000003e+00 1.172671514000000030e+02
1.133074858000000074e+00 1.178345462999999995e+02
1.133639542000000056e+00 1.183479626000000025e+02
1.134229048999999989e+00 1.190959625999999929e+02
1.134841275999999954e+00 1.196602888000000036e+02
1.135415953000000089e+00 1.202959883000000048e+02
1.136021606999999989e+00 1.210580570000000051e+02
1.136597966000000071e+00 1.215507522999999992e+02
1.137196204000000099e+00 1.222506621999999936e+02
1.137763674999999974e+00 1.229682200999999964e+02
1.138361597999999919e+00 1.235432887999999991e+02
1.138970459000000046e+00 1.242669882999999942e+02
1.139549080000000103e+00 1.248597093999999998e+02
1.140122705000000014e+00 1.252961257000000046e+02
1.140717838999999900e+00 1.261436364000000054e+02
1.141319390999999905e+00 1.268276836000000003e+02
1.141879813999999937e+00 1.273953360000000004e+02
1.142492199999999958e+00 1.281387307999999905e+02
1.143095433999999910e+00 1.286352673000000095e+02
1.143649125999999905e+00 1.291668467000000078e+02
1.144249625000000048e+00 1.298634260999999981e+02
1.144853858999999918e+00 1.305410784999999976e+02
1.145429955000000000e+00 1.310217523000000028e+02
1.145997058000000068e+00 1.316548938999999905e+02
1.146610600000000035e+00 1.322578466999999875e+02
1.147203788999999974e+00 1.328111729000000025e+02
1.147809706000000096e+00 1.334581257000000107e+02
1.148386643999999901e+00 1.341304045999999914e+02
1.148959478999999950e+00 1.344504260999999872e+02
1.149536048000000088e+00 1.350546578999999952e+02
1.150124399000000075e+00 1.358024045999999885e+02
1.150721952999999909e+00 1.361746148999999946e+02
1.151295841000000042e+00 1.367279368000000090e+02
1.151890344999999982e+00 1.373907523000000026e+02
1.152470700999999931e+00 1.377560569999999984e+02
1.153100915000000004e+00 1.385498466999999891e+02
1.153666387999999987e+00 1.392162415999999894e+02
1.154257053000000033e+00 1.394600312999999971e+02
1.154849242000000054e+00 1.400798681999999928e+02
1.155416712999999929e+00 1.405707736999999895e+02
1.156027152999999918e+00 1.410586107000000027e+02
1.156618869000000105e+00 1.416833101999999940e+02
1.157194966000000047e+00 1.422056835999999862e+02
1.157760805999999976e+00 1.426579625999999905e+02
1.158353627000000108e+00 1.432140999000000079e+02
1.158975531999999919e+00 1.438231943000000115e+02
1.159563619000000045e+00 1.442150999000000127e+02
1.160130300999999919e+00 1.447338895999999977e+02
1.160732904999999926e+00 1.452854260999999951e+02
1.161334719000000071e+00 1.457604733000000010e+02
1.161918020000000107e+00 1.462948681999999962e+02
1.162502531999999977e+00 1.467497050999999999e+02
1.163072842000000051e+00 1.471037522999999965e+02
1.163670871000000107e+00 1.476225420000000099e+02
1.164259640999999901e+00 1.481607736999999929e+02
1.164831425000000031e+00 1.485393789000000027e+02
1.165416304999999930e+00 1.491886364000000071e+02
1.166023641000000000e+00 1.494789839999999970e+02
1.166591638000000097e+00 1.498437737000000141e+02
1.167174992000000078e+00 1.503884003999999948e+02
1.167794004000000108e+00 1.509366106999999886e+02
1.168378831000000062e+00 1.512080312999999876e+02
1.168957661999999953e+00 1.519555205000000058e+02
1.169537754999999901e+00 1.523737736999999868e+02
1.170158028999999988e+00 1.526298424000000011e+02
1.170721241000000079e+00 1.533074948000000006e+02
1.171326263999999950e+00 1.537078424000000041e+02
1.171922397999999976e+00 1.540805633999999884e+02
1.172497335999999946e+00 1.545635420000000124e+02
1.173070856000000051e+00 1.551196793000000014e+02
1.173654420999999948e+00 1.553289368000000081e+02
1.174261704999999933e+00 1.559224260999999956e+02
1.174843953999999968e+00 1.563928682000000094e+02
1.175446030999999891e+00 1.568771213999999929e+02
1.176049896000000095e+00 1.572736363999999867e+02
1.176616158000000079e+00 1.577443317000000036e+02
1.177191255000000103e+00 1.580433788999999933e+02
1.177795383999999945e+00 1.586517050999999867e+02
1.178387311000000048e+00 1.590008895999999936e+02
1.178982760000000019e+00 1.592697522999999933e+02
1.179524199000000051e+00 1.598530054999999948e+02
1.180142105999999913e+00 1.602144733000000087e+02
1.180738081999999967e+00 1.606140527000000020e+02
1.181314020999999936e+00 1.610596792999999991e+02
1.181931875000000076e+00 1.614917480000000012e+02
1.182491825999999913e+00 1.617966792999999939e+02
1.183047833000000049e+00 1.622290054999999995e+02
1.183656115000000009e+00 1.627521471000000020e+02
1.184266765000000055e+00 1.629601213999999914e+02
1.184842493000000108e+00 1.633776106999999911e+02
1.185425058999999948e+00 1.639250527000000091e+02
1.186031237999999988e+00 1.641355891999999983e+02
1.186631580000000019e+00 1.646060270000000116e+02
1.187198156000000004e+00 1.649830999000000133e+02
1.187806072000000102e+00 1.653315162000000100e+02
1.188384482000000020e+00 1.656387479999999925e+02
1.188954950999999927e+00 1.661222372999999948e+02
1.189549506999999950e+00 1.664307479999999941e+02
1.190160051999999968e+00 1.668850741999999912e+02
1.190726471999999925e+00 1.674330270000000098e+02
1.191323340999999925e+00 1.675553059000000076e+02
1.191914163999999943e+00 1.679290526999999997e+02
1.192511402000000054e+00 1.682559840000000122e+02
1.193068671000000025e+00 1.684990055000000098e+02
1.193666856000000109e+00 1.689126578999999992e+02
1.194276979999999933e+00 1.694345161999999902e+02
1.194860175999999941e+00 1.696775419999999883e+02
1.195441269000000029e+00 1.699957737000000009e+02
1.196042767000000007e+00 1.703498209999999915e+02
1.196618444000000059e+00 1.706429798000000062e+02
1.197188649000000105e+00 1.710297736999999927e+02
1.197788464999999913e+00 1.713541428000000053e+02
1.198383653000000049e+00 1.716209583000000123e+02
1.198977366999999905e+00 1.719617007999999885e+02
1.199553936000000043e+00 1.720082586999999990e+02
1.200138238000000079e+00 1.722755849000000126e+02
1.200727113999999984e+00 1.726383317000000091e+02
1.201310099999999936e+00 1.729642373000000077e+02
1.201911756000000109e+00 1.732497265000000084e+02
1.202501841999999987e+00 1.735280526999999893e+02
1.203112281999999977e+00 1.740366107000000113e+02
1.203669340000000032e+00 1.741816579000000047e+02
1.204264948000000057e+00 1.747053059000000133e+02
1.204872810999999988e+00 1.750557737000000031e+02
1.205448591999999985e+00 1.751849583000000052e+02
1.206035838000000027e+00 1.756039797999999905e+02
1.206611880999999942e+00 1.759720955999999887e+02
1.207224107999999907e+00 1.762483746000000053e+02
1.207777537999999984e+00 1.766285162000000071e+02
1.208401124999999965e+00 1.769646535999999912e+02
1.208983216000000027e+00 1.771017736999999954e+02
1.209552791999999988e+00 1.775668424000000130e+02
1.210143825000000062e+00 1.779902114999999867e+02
1.210758997999999975e+00 1.780787264999999877e+02
1.211334884000000001e+00 1.785141213999999934e+02
1.211923548999999989e+00 1.777630527000000029e+02
1.212487971000000053e+00 1.779078423999999927e+02
1.213084156000000080e+00 1.784711427999999955e+02
1.213669456000000091e+00 1.788694476000000009e+02
1.214265906999999922e+00 1.790142372999999907e+02
1.214863197999999977e+00 1.794104905000000088e+02
1.215443660000000037e+00 1.797254004000000123e+02
1.216049574999999994e+00 1.799650956000000122e+02
1.216604739999999962e+00 1.803137695000000065e+02
1.217186727000000079e+00 1.806616793000000030e+02
1.217795747000000040e+00 1.810351685999999916e+02
