1.000000000000000000e+00 0.000000000000000000e+00
1.000577035000000059e+00 1.523872820000000128e-01
1.001191500000000012e+00 7.981042900000000218e-02
1.001766198000000108e+00 -1.880729000000000081e-02
1.002343860000000086e+00 7.233580000000000088e-04
1.002900372000000040e+00 4.460703900000000111e-02
1.003485104999999988e+00 9.644764999999999588e-03
1.004081419000000031e+00 6.534328100000000306e-02
1.004674523000000042e+00 1.029578639999999962e-01
1.005240488000000099e+00 1.198362010000000033e-01
1.005824127999999984e+00 9.644764599999999799e-02
1.006391814000000107e+00 3.544451099999999799e-02
1.007002849000000033e+00 -1.000644299999999959e-01
1.007573547000000014e+00 -2.073624199999999848e-02
1.008165976999999991e+00 1.663721890000000037e-01
1.008757047000000018e+00 -3.375667499999999988e-02
1.009338964999999977e+00 5.883306600000000330e-02
1.009899743999999933e+00 1.072980060000000013e-01
1.010500069999999972e+00 1.138082239999999995e-01
1.011064836999999939e+00 -8.921408000000000463e-03
1.011657733000000059e+00 3.544451099999999799e-02
1.012248279000000029e+00 -5.642187299999999739e-02
1.012808849000000011e+00 9.982331299999999685e-02
1.013384791000000007e+00 7.619364100000000639e-02
1.013989894999999919e+00 -8.342721200000000059e-02
1.014566464999999917e+00 1.832505300000000087e-02
1.015187325999999945e+00 1.895196239999999976e-01
1.015758965000000069e+00 -5.063498999999999951e-03
1.016310266999999934e+00 3.882017799999999685e-02
1.016896452999999978e+00 2.362967310000000098e-01
1.017472662999999944e+00 -1.446714999999999893e-03
1.018085418999999936e+00 1.282753680000000007e-01
1.018668743999999959e+00 2.454592600000000124e-01
1.019222290999999947e+00 1.019933860000000053e-01
1.019810244000000088e+00 1.822860520000000040e-01
1.020410511999999992e+00 2.553451420000000249e-01
1.020966290999999915e+00 1.417780379999999951e-01
1.021577116000000007e+00 2.587208089999999960e-01
1.022132953000000066e+00 3.069446519999999845e-01
1.022743616000000078e+00 2.965765289999999776e-01
1.023322070000000084e+00 4.882662139999999762e-01
1.023896605000000015e+00 6.360722410000000382e-01
1.024472813999999898e+00 5.393834469999999603e-01
1.025035616000000038e+00 6.799558980000000030e-01
1.025634849000000015e+00 8.031677510000000408e-01
1.026237615999999964e+00 8.374066669999999935e-01
1.026800407000000082e+00 1.076596837000000084e+00
1.027389302000000004e+00 1.197397524000000102e+00
1.027948301999999980e+00 1.397285266999999997e+00
1.028539325999999976e+00 1.541474505999999911e+00
1.029134766999999950e+00 1.741121107999999973e+00
1.029716174000000040e+00 2.012380128999999851e+00
1.030305999999999944e+00 2.298106262000000122e+00
1.030881477000000102e+00 2.571294207000000220e+00
1.031447127999999935e+00 2.728021634000000084e+00
1.032022919000000094e+00 3.196998332999999803e+00
1.032626057999999958e+00 3.599184983999999865e+00
1.033194256000000033e+00 3.848261035999999802e+00
1.033773430000000104e+00 4.380893236000000357e+00
1.034390278999999913e+00 4.930885954999999932e+00
1.034943465000000007e+00 5.272069612000000127e+00
1.035536663000000024e+00 5.927431261999999812e+00
1.036121349000000080e+00 6.429199870999999789e+00
1.036699116000000087e+00 6.999446633999999889e+00
1.037264093000000109e+00 7.575721310999999680e+00
1.037853499999999984e+00 8.366833365999999828e+00
1.038457570000000052e+00 8.902841051999999422e+00
1.039029151000000040e+00 9.540842265000000211e+00
1.039622000000000046e+00 1.033991104000000050e+01
1.040186709000000098e+00 1.084409104999999940e+01
1.040778511999999933e+00 1.165135764000000052e+01
1.041331801999999973e+00 1.241232972000000068e+01
1.041896522999999908e+00 1.307034387999999936e+01
1.042501673999999934e+00 1.390992033999999933e+01
1.043123057999999936e+00 1.466631111999999959e+01
1.043664023000000052e+00 1.548780383000000072e+01
1.044251197999999992e+00 1.632472858999999943e+01
1.044860673999999934e+00 1.717370877000000107e+01
1.045412709000000051e+00 1.788766264999999933e+01
1.045994942000000094e+00 1.862765698999999842e+01
1.046587581000000045e+00 1.966832730000000140e+01
1.047155046999999950e+00 2.055636896000000036e+01
1.047737547000000102e+00 2.131468853999999880e+01
1.048321755999999993e+00 2.219380869000000089e+01
1.048918604999999893e+00 2.290414566000000107e+01
1.049482384000000046e+00 2.375095594000000077e+01
1.050066394999999986e+00 2.469300853000000018e+01
1.050667035000000027e+00 2.547664565999999908e+01
1.051240221000000030e+00 2.632128562999999843e+01
1.051812372000000106e+00 2.729468368999999939e+01
1.052415035000000110e+00 2.800574396000000021e+01
1.052984442000000076e+00 2.899336775000000088e+01
1.053583616000000056e+00 2.985536855999999872e+01
1.054142930000000034e+00 3.062743207000000112e+01
1.054753964999999960e+00 3.149280869000000038e+01
1.055329243999999944e+00 3.247464566000000019e+01
1.055920208999999943e+00 3.313193611999999888e+01
1.056482069999999940e+00 3.415138798000000264e+01
1.057068255999999984e+00 3.498565982000000218e+01
1.057625802000000004e+00 3.570057811000000214e+01
1.058230546999999966e+00 3.658596767000000227e+01
1.058810140000000066e+00 3.746050650000000104e+01
1.059394662999999959e+00 3.827307811000000015e+01
1.059975859999999992e+00 3.918981272999999987e+01
1.060558558000000096e+00 4.001829817000000133e+01
1.061144952999999891e+00 4.089693611999999945e+01
1.061708580999999985e+00 4.169648708999999798e+01
1.062297786000000022e+00 4.258066993999999994e+01
1.062901698999999978e+00 4.330499437000000285e+01
1.063498905999999966e+00 4.429840456000000160e+01
1.064036178999999915e+00 4.522405990000000031e+01
1.064639676999999951e+00 4.592402753999999732e+01
1.065226695000000001e+00 4.671875649999999780e+01
1.065790011999999898e+00 4.755302834999999817e+01
1.066364555999999908e+00 4.831858256000000296e+01
1.066993003000000106e+00 4.917286654000000112e+01
1.067535423000000039e+00 5.007272495000000134e+01
1.068126080000000089e+00 5.085250245999999663e+01
1.068700677000000043e+00 5.165880504999999800e+01
1.069281509000000074e+00 5.246558902999999674e+01
1.069851271000000104e+00 5.312649921999999947e+01
1.070443435999999915e+00 5.402514809000000184e+01
1.071016785000000082e+00 5.475405180999999999e+01
1.071616903000000010e+00 5.539470311000000180e+01
1.072203194000000082e+00 5.615350569999999664e+01
1.072776646999999972e+00 5.707988515000000262e+01
1.073341105999999989e+00 5.759033416999999844e+01
1.073927606000000035e+00 5.840579938999999854e+01
1.074524084999999962e+00 5.908358659999999674e+01
1.075106944999999925e+00 5.966420149000000350e+01
1.075686375999999944e+00 6.039768449999999689e+01
1.076270483999999916e+00 6.116613110000000120e+01
1.076837749999999927e+00 6.151213838000000322e+01
1.077403716999999927e+00 6.229866751000000136e+01
1.078006019000000038e+00 6.279055261999999971e+01
1.078585499999999975e+00 6.324939970999999872e+01
1.079154119000000023e+00 6.390958579000000128e+01
1.079750910000000008e+00 6.473059711999999877e+01
1.080339487999999903e+00 6.520511976999999604e+01
1.080919646999999983e+00 6.533025730999999325e+01
1.081484158000000084e+00 6.649172980999999538e+01
1.082069044999999896e+00 6.687077107000000353e+01
1.082691151999999990e+00 6.747549598999999887e+01
1.083242511999999991e+00 6.774747818999999538e+01
1.083836081000000062e+00 6.798835601999999767e+01
1.084407193999999963e+00 6.853159630999999763e+01
1.084995200999999909e+00 6.912354614999999569e+01
1.085578165000000039e+00 6.973912058000000513e+01
1.086148499000000101e+00 7.003569824999999582e+01
1.086745029999999890e+00 7.075977996999999675e+01
1.087324149000000073e+00 7.132689161999999783e+01
1.087890894999999913e+00 7.164806070999999577e+01
1.088501876999999896e+00 7.226701701999999727e+01
1.089072107000000011e+00 7.260072252000000503e+01
1.089669417000000085e+00 7.311478805999999508e+01
1.090225819999999901e+00 7.411591669999999965e+01
1.090805510000000034e+00 7.443153968000000020e+01
1.091397259000000064e+00 7.506905989999999917e+01
1.091987137000000052e+00 7.540180261999999800e+01
1.092534858999999914e+00 7.583702510999999902e+01
1.093132586000000073e+00 7.651456960999999524e+01
1.093725894999999948e+00 7.708264404999999897e+01
1.094293836999999936e+00 7.737174598999999375e+01
1.094863391000000075e+00 7.809124841000000572e+01
1.095466368999999940e+00 7.882015214000000469e+01
1.096042159000000016e+00 7.895951702000000694e+01
1.096617379000000003e+00 7.924114323999999954e+01
1.097192702000000075e+00 8.007517640999999742e+01
1.097805088000000096e+00 7.982127672999999390e+01
1.098368768999999912e+00 8.102904372000000421e+01
1.098953811999999974e+00 8.105001864000000467e+01
1.099568692999999930e+00 8.193034631000000445e+01
1.100121249000000079e+00 8.259752269000000524e+01
1.100696469000000066e+00 8.337947251999999310e+01
1.101291492000000094e+00 8.348291104000000473e+01
1.101879290999999927e+00 8.411802025999999444e+01
1.102417344000000021e+00 8.470972738000000390e+01
1.103012732999999912e+00 8.509214242999999556e+01
1.103606768999999987e+00 8.531035439999999426e+01
1.104170708999999917e+00 8.622877673000000698e+01
1.104792035000000006e+00 8.636790293999999335e+01
1.105359406000000044e+00 8.709319016000000602e+01
1.105967997000000036e+00 8.718095714999999757e+01
1.106510780000000027e+00 8.799039080999999385e+01
1.107096292000000037e+00 8.889868773000000601e+01
1.107685078000000045e+00 8.911473141999999825e+01
1.108259778000000084e+00 8.964133336999999813e+01
1.108846328999999908e+00 9.023593287999999291e+01
1.109443744000000009e+00 9.097858256000000665e+01
1.110023693999999894e+00 9.072275326999999834e+01
1.110562422999999965e+00 9.168795552999999643e+01
1.111177043999999947e+00 9.213209387999999933e+01
1.111734122000000102e+00 9.259697251999999423e+01
1.112355136999999994e+00 9.269558902999999361e+01
1.112917050000000074e+00 9.366102997000000130e+01
1.113509891000000085e+00 9.405670958000000326e+01
1.114078663999999996e+00 9.469398708999999315e+01
1.114671557000000091e+00 9.542457770000000039e+01
1.115247815999999892e+00 9.554489728000000071e+01
1.115823607999999911e+00 9.613563757000000010e+01
1.116412291000000057e+00 9.635770877000000212e+01
1.116985066000000026e+00 9.702247413999999992e+01
1.117588720000000091e+00 9.744588029000000517e+01
1.118150476999999920e+00 9.808508337000000665e+01
1.118738795000000064e+00 9.841758740999999588e+01
1.119319264000000036e+00 9.903485277999999425e+01
1.119884450999999892e+00 9.949635358999999823e+01
1.120463258000000017e+00 9.997521686000000329e+01
1.121062180000000019e+00 1.002898770999999982e+02
1.121649303000000097e+00 1.010318026000000060e+02
1.122219636999999937e+00 1.013508034000000038e+02
1.122813622000000011e+00 1.020442622000000057e+02
1.123383175999999928e+00 1.024155849999999930e+02
1.123964372000000100e+00 1.029342297999999971e+02
1.124552484000000074e+00 1.032042864000000009e+02
1.125148027000000051e+00 1.039339101999999997e+02
1.125728443999999939e+00 1.041702087999999975e+02
1.126290200999999991e+00 1.042989668999999964e+02
1.126869319999999952e+00 1.052670575000000071e+02
1.127458416999999935e+00 1.048429313000000036e+02
1.128041383000000009e+00 1.060432224999999988e+02
1.128617017000000056e+00 1.066016529000000048e+02
1.129213757000000040e+00 1.071000470000000035e+02
1.129796306000000028e+00 1.070834085999999985e+02
1.130362429000000057e+00 1.080090639000000010e+02
1.130925587999999982e+00 1.083714669000000015e+02
1.131522641000000107e+00 1.091261716000000064e+02
1.132097080000000089e+00 1.092539627999999965e+02
1.132689921000000099e+00 1.098480808999999994e+02
1.133270701999999908e+00 1.101333237000000054e+02
1.133873679999999995e+00 1.110471667000000053e+02
1.134426547999999979e+00 1.111202250000000049e+02
1.135013099000000025e+00 1.117218187999999941e+02
1.135595284000000094e+00 1.122120129999999989e+02
1.136178455999999892e+00 1.126961795999999936e+02
1.136751596999999947e+00 1.130730486000000070e+02
1.137338563999999996e+00 1.135690316000000024e+02
1.137923244000000000e+00 1.140529554999999959e+02
1.138513434000000046e+00 1.144358560000000011e+02
1.139094473999999968e+00 1.150287646000000024e+02
1.139693553000000081e+00 1.151430567000000025e+02
1.140259833000000000e+00 1.159457428000000050e+02
1.140845397000000094e+00 1.160052977999999939e+02
1.141403670000000092e+00 1.167812200999999988e+02
1.141997914000000058e+00 1.171935339999999997e+02
1.142579266999999899e+00 1.179926035999999954e+02
1.143154591000000053e+00 1.179113454999999959e+02
1.143739062999999945e+00 1.185792459999999977e+02
1.144330188000000081e+00 1.191188697999999988e+02
1.144905875999999934e+00 1.196951439999999991e+02
1.145513687000000003e+00 1.200510380999999995e+02
1.146072637000000061e+00 1.196507792000000023e+02
1.146645413999999974e+00 1.209221991000000003e+02
1.147230301000000008e+00 1.212026197999999937e+02
1.147810978999999953e+00 1.220195331999999979e+02
1.148399764999999961e+00 1.221685461000000004e+02
1.148962094000000045e+00 1.227141974000000033e+02
1.149549060000000011e+00 1.228670656000000037e+02
1.150152349999999934e+00 1.235448528000000010e+02
1.150724399000000009e+00 1.240299822000000063e+02
1.151300033999999917e+00 1.246265113999999983e+02
1.151892667000000037e+00 1.249076562000000052e+02
1.152473136000000009e+00 1.256556092999999947e+02
1.153037233000000050e+00 1.258277693999999940e+02
1.153605226999999900e+00 1.262569603999999970e+02
1.154213452999999889e+00 1.266104394000000042e+02
1.154759772000000018e+00 1.273711715999999967e+02
1.155362073000000045e+00 1.275462241000000034e+02
1.155963284000000035e+00 1.278481052000000062e+02
1.156553941000000085e+00 1.285989506999999890e+02
1.157105561999999921e+00 1.281328665000000058e+02
1.157690241000000064e+00 1.293907831999999871e+02
1.158275909000000103e+00 1.297302816000000121e+02
1.158854558999999895e+00 1.302166164999999864e+02
1.159417927000000015e+00 1.304133721999999977e+02
1.160044920000000035e+00 1.311839870999999960e+02
1.160611614000000014e+00 1.310677694000000031e+02
1.161192395000000044e+00 1.320744401999999980e+02
1.161792098000000051e+00 1.322099498999999980e+02
1.162355829000000007e+00 1.326979757999999947e+02
1.162923616000000049e+00 1.331237929000000122e+02
1.163526437000000024e+00 1.330283075000000110e+02
1.164106802000000052e+00 1.339387726999999870e+02
1.164692626999999980e+00 1.343349336999999935e+02
1.165235306000000026e+00 1.349456860999999890e+02
1.165834384999999918e+00 1.353416043999999943e+02
1.166399884000000053e+00 1.353006133000000091e+02
1.166981029000000003e+00 1.362438737999999887e+02
1.167590815999999920e+00 1.361806982999999889e+02
1.168188750999999970e+00 1.368529393999999968e+02
1.168761163000000103e+00 1.371784490999999946e+02
1.169346674999999891e+00 1.375157751000000133e+02
1.169918776000000049e+00 1.380173042000000123e+02
1.170489992999999895e+00 1.385427007000000117e+02
1.171057674999999909e+00 1.388154069999999933e+02
1.171647292999999923e+00 1.391671991000000048e+02
1.172243616999999904e+00 1.397437161000000003e+02
1.172819252000000034e+00 1.396713819000000001e+02
1.173397589999999990e+00 1.405247031000000106e+02
1.173984402000000093e+00 1.408774579999999901e+02
1.174542415999999978e+00 1.410305687999999975e+02
1.175138272000000095e+00 1.417481415999999967e+02
1.175720560000000026e+00 1.417348771000000056e+02
1.176315895999999972e+00 1.422079554999999971e+02
1.176894651000000014e+00 1.424039830000000109e+02
1.177475172000000070e+00 1.430798406000000114e+02
1.178067492999999910e+00 1.432264426000000128e+02
1.178652381000000027e+00 1.437397839999999860e+02
1.179229367999999889e+00 1.437378544000000034e+02
1.179800740999999986e+00 1.444489143000000126e+02
1.180342380999999996e+00 1.448506213999999943e+02
1.180949309000000058e+00 1.452262848000000020e+02
1.181546151999999905e+00 1.455173122999999862e+02
1.182108273000000098e+00 1.456933316999999874e+02
1.182705531999999948e+00 1.461823204000000089e+02
1.183287092999999901e+00 1.463879959999999869e+02
1.183879050000000044e+00 1.468914507000000071e+02
1.184466640999999987e+00 1.472618107000000123e+02
1.185044251999999965e+00 1.471795898000000022e+02
1.185607724000000029e+00 1.479000509999999906e+02
1.186186374000000043e+00 1.481146505000000104e+02
1.186768558999999890e+00 1.483437120000000107e+02
1.187341699000000084e+00 1.484794603999999936e+02
1.187926379000000088e+00 1.491275914999999941e+02
1.188534034999999989e+00 1.492524903000000052e+02
1.189098753999999980e+00 1.498579393999999922e+02
1.189712958999999959e+00 1.500038171999999861e+02
1.190258444999999998e+00 1.501747718999999961e+02
1.190842189999999912e+00 1.505608033999999975e+02
1.191422399999999993e+00 1.509709450000000004e+02
1.192003544999999942e+00 1.510220615000000066e+02
1.192577932999999923e+00 1.511440680000000043e+02
1.193137037999999928e+00 1.518782750999999962e+02
1.193725045000000096e+00 1.519216772000000049e+02
1.194328958000000052e+00 1.525259248000000127e+02
1.194931415000000108e+00 1.528130970999999931e+02
1.195499670000000014e+00 1.530867661999999996e+02
1.196057528000000092e+00 1.532270978999999897e+02
1.196658114000000106e+00 1.537387525000000039e+02
1.197212123999999989e+00 1.538359247999999866e+02
1.197781106999999956e+00 1.543203301000000067e+02
1.198407682999999890e+00 1.545079231999999934e+02
1.199012323000000046e+00 1.545033397999999920e+02
1.199588791000000043e+00 1.552230809000000136e+02
1.200174510000000083e+00 1.554027169000000015e+02
1.200743284999999938e+00 1.557737970000000018e+02
1.201302180999999969e+00 1.560496383999999921e+02
1.201903702999999934e+00 1.563481415999999911e+02
1.202467694999999948e+00 1.566249498999999901e+02
1.203054038000000103e+00 1.569191125000000113e+02
1.203648387000000097e+00 1.571206902000000127e+02
1.204220902999999954e+00 1.573326318999999955e+02
1.204817642999999938e+00 1.576986512999999945e+02
1.205365935999999971e+00 1.580588818999999887e+02
1.205934191000000100e+00 1.582418916000000024e+02
1.206554528999999931e+00 1.587349821999999904e+02
1.207137026999999918e+00 1.589770656000000031e+02
1.207690726000000048e+00 1.591186027999999908e+02
1.208281122999999901e+00 1.595453827000000047e+02
1.208864764000000092e+00 1.599183923999999877e+02
1.209446428999999990e+00 1.599767459999999915e+02
1.210041920999999965e+00 1.603591610000000003e+02
1.210591462000000007e+00 1.606955202999999983e+02
1.211215648000000034e+00 1.609814871000000096e+02
1.211777767000000061e+00 1.612279110000000060e+02
1.212355899000000070e+00 1.616279271999999878e+02
1.212945048999999997e+00 1.618123851000000002e+02
1.213509041000000011e+00 1.620744805999999869e+02
1.214094863999999996e+00 1.624559328999999934e+02
1.214696489999999907e+00 1.626073528000000010e+02
1.215275244000000088e+00 1.628998325999999963e+02
1.215838820000000098e+00 1.633405970999999965e+02
1.216424331000000025e+00 1.633512080000000140e+02
1.217023981000000088e+00 1.637309692999999982e+02
1.217596290999999997e+00 1.640682952999999884e+02
1.218168702000000048e+00 1.642103138999999885e+02
1.218753694999999970e+00 1.644791610000000048e+02
1.219327979000000006e+00 1.648456617999999878e+02
1.219914737999999943e+00 1.649211350999999866e+02
1.220483720000000050e+00 1.652015558999999882e+02
1.221066320999999899e+00 1.654802896999999859e+02
1.221657862000000039e+00 1.657879555000000096e+02
1.222242438000000098e+00 1.661231133000000000e+02
1.222817762000000030e+00 1.663314384999999902e+02
1.223394228000000084e+00 1.663389142999999990e+02
1.223971943000000007e+00 1.667150590999999906e+02
1.224565563999999940e+00 1.669901763999999957e+02
1.225125189999999975e+00 1.671524498999999935e+02
1.225731700999999951e+00 1.674102047000000084e+02
1.226301929999999984e+00 1.676457791999999927e+02
1.226890248999999988e+00 1.678818349999999953e+02
1.227477944000000099e+00 1.681680445000000077e+02
1.228034969999999948e+00 1.684670292000000131e+02
1.228636491999999913e+00 1.683775752999999895e+02
1.229222940000000097e+00 1.687804839000000072e+02
1.229799094000000093e+00 1.691527734999999950e+02
1.230388244000000020e+00 1.692412645999999938e+02
1.230949429000000039e+00 1.694929918999999927e+02
1.231528391999999972e+00 1.696902289999999880e+02
1.232112759000000057e+00 1.698165760999999918e+02
1.232698166999999900e+00 1.700574539000000129e+02
1.233289085000000007e+00 1.703885096999999860e+02
1.233880002000000031e+00 1.704994240000000048e+02
1.234449920000000089e+00 1.707200469999999939e+02
1.235010896999999996e+00 1.710797961000000100e+02
1.235571562000000068e+00 1.710641246000000137e+02
1.236187326999999891e+00 1.713288737999999967e+02
1.236780946999999964e+00 1.715545615000000055e+02
1.237359909000000036e+00 1.716702977999999860e+02
1.237926292000000039e+00 1.718205161999999859e+02
1.238504319000000020e+00 1.720416205999999875e+02
1.239103241000000022e+00 1.722137807999999950e+02
1.239703411999999894e+00 1.724385057000000074e+02
1.240260957000000053e+00 1.727729353000000003e+02
1.240847405000000014e+00 1.727367662000000053e+02
1.241451317000000110e+00 1.729419603999999993e+02
1.242014477999999977e+00 1.731982710999999995e+02
1.242574727000000046e+00 1.732004393999999934e+02
1.243165123999999899e+00 1.735474093999999923e+02
1.243742630999999932e+00 1.737053423000000123e+02
1.244319721999999961e+00 1.736641124999999874e+02
1.244911783999999910e+00 1.740098771000000113e+02
1.245498334999999956e+00 1.741945737000000065e+02
1.246079272000000016e+00 1.743057306000000040e+02
1.246667278999999962e+00 1.743011472999999967e+02
1.247243850000000043e+00 1.745333478999999954e+02
1.247809608999999931e+00 1.744733075000000042e+02
1.248397302999999958e+00 1.748335380999999984e+02
1.248966390000000093e+00 1.749953300999999897e+02
1.249573108999999960e+00 1.749099740999999995e+02
1.250149680000000041e+00 1.753184287999999924e+02
1.250730201999999958e+00 1.752870857999999998e+02
1.251305628999999975e+00 1.754462240999999949e+02
1.251902577000000072e+00 1.756931294999999977e+02
1.252445255999999896e+00 1.757632953000000100e+02
1.253063202999999959e+00 1.757825833999999929e+02
1.253628339999999897e+00 1.759680041000000017e+02
1.254212812000000010e+00 1.760229798000000017e+02
1.254777947000000005e+00 1.761963455000000067e+02
1.255405458000000030e+00 1.763552411000000006e+02
1.255997416000000033e+00 1.764384287999999970e+02
1.256526371999999947e+00 1.765138981000000058e+02
1.257128830000000086e+00 1.766067298000000108e+02
1.257703009999999955e+00 1.767410340000000133e+02
1.258298708999999960e+00 1.769059571999999889e+02
1.258871226999999982e+00 1.769283843000000047e+02
1.259452994999999964e+00 1.771388779000000113e+02
1.260036635999999932e+00 1.772292985999999928e+02
1.260602914999999991e+00 1.772659491000000003e+02
1.261214728999999979e+00 1.773549216000000115e+02
1.261778824000000077e+00 1.773742135999999903e+02
1.262339490000000009e+00 1.775046585999999991e+02
1.262936749000000081e+00 1.777689224000000081e+02
1.263512903000000076e+00 1.777009288000000140e+02
1.264085005000000095e+00 1.779331253999999944e+02
1.264677378000000019e+00 1.779418067000000008e+02
1.265275469000000097e+00 1.778735704000000055e+02
1.265831767000000108e+00 1.779991933999999958e+02
1.266407298999999931e+00 1.782362119999999948e+02
1.266991873999999907e+00 1.779256497000000081e+02
1.267578426000000036e+00 1.782010096999999860e+02
1.268165393000000085e+00 1.782330768999999862e+02
1.268742379999999947e+00 1.782407953000000020e+02
1.269315208000000084e+00 1.782154758000000072e+02
