1.000000000000000000e+00 0.000000000000000000e+00
1.000567682000000014e+00 2.964870430000000057e-01
1.001137340999999958e+00 -7.104935599999999407e-02
1.001700044999999983e+00 1.056138979999999977e-01
1.002283476999999978e+00 2.077713469999999951e-01
1.002850398000000087e+00 1.881847680000000023e-01
1.003407670000000085e+00 2.841974159999999805e-01
1.003999124999999992e+00 4.831355609999999912e-01
1.004593226999999978e+00 2.154523520000000136e-01
1.005115750000000086e+00 3.709928410000000176e-01
1.005695784000000037e+00 5.983507670000000056e-01
1.006281294999999965e+00 4.535637180000000046e-01
1.006809601999999915e+00 5.411272489999999769e-01
1.007412954999999943e+00 7.227831120000000054e-01
1.007952693000000011e+00 6.213938079999999919e-01
1.008514794999999964e+00 9.824012819999999868e-01
1.009111273000000031e+00 9.597423259999999789e-01
1.009664080000000075e+00 7.880717069999999547e-01
1.010259135999999947e+00 1.136021514000000066e+00
1.010794114000000077e+00 1.275431887999999958e+00
1.011370273000000042e+00 1.213599735999999929e+00
1.011969204999999983e+00 1.526600895999999929e+00
1.012529215999999899e+00 1.716705920999999968e+00
1.013096341000000011e+00 1.724770998999999971e+00
1.013665443000000055e+00 1.956353473000000065e+00
1.014231601999999954e+00 2.063887622000000199e+00
1.014795125000000020e+00 2.035083821000000182e+00
1.015342033999999893e+00 2.570450316000000068e+00
1.015958329999999910e+00 2.630746256000000116e+00
1.016519863999999940e+00 2.567377893000000189e+00
1.017094807000000101e+00 3.046288910999999988e+00
1.017636135999999913e+00 3.242538782000000008e+00
1.018221851999999927e+00 3.346616488000000000e+00
1.018771045000000042e+00 3.396927054999999918e+00
1.019353101999999955e+00 3.885439362000000063e+00
1.019905033999999988e+00 3.860860109999999956e+00
1.020482215999999998e+00 4.205353472999999731e+00
1.021056455000000085e+00 4.682728280000000076e+00
1.021617784000000029e+00 4.712684271999999730e+00
1.022215590999999923e+00 5.021844967999999909e+00
1.022778863999999954e+00 5.334462107000000231e+00
1.023344510999999901e+00 5.261876540000000269e+00
1.023909806999999894e+00 5.775352119999999978e+00
1.024472204999999914e+00 6.158250187000000153e+00
1.025028057000000103e+00 6.390601346999999599e+00
1.025598534000000006e+00 6.794237944999999890e+00
1.026191818000000033e+00 7.040030469999999596e+00
1.026753148000000060e+00 7.368009852000000137e+00
1.027294522999999904e+00 7.641069773999999981e+00
1.027904829999999992e+00 8.237500187000000196e+00
1.028464682000000074e+00 8.314694129999999461e+00
1.029022158999999936e+00 8.707578150999999878e+00
1.029585874999999984e+00 9.212220547999999454e+00
1.030155648000000035e+00 9.352399027000000586e+00
1.030724544999999992e+00 1.001142995000000013e+01
1.031302954999999910e+00 1.046729786999999945e+01
1.031852352000000028e+00 1.079604465000000069e+01
1.032456601999999890e+00 1.120582686000000017e+01
1.033004682000000063e+00 1.176231590999999987e+01
1.033574852000000099e+00 1.213983782000000033e+01
1.034135523000000001e+00 1.254808331000000088e+01
1.034719420000000056e+00 1.313260842999999944e+01
1.035270431999999907e+00 1.338877015999999998e+01
1.035827864000000043e+00 1.410041578000000051e+01
1.036423022999999999e+00 1.459852917999999988e+01
1.036982067999999924e+00 1.508128111000000082e+01
1.037561591000000005e+00 1.552869993000000015e+01
1.038112205000000010e+00 1.637015483000000060e+01
1.038695080000000104e+00 1.670312648000000166e+01
1.039257330000000090e+00 1.749196604000000121e+01
1.039843749999999956e+00 1.804883974999999907e+01
1.040404829999999947e+00 1.838488355999999868e+01
1.040959965999999959e+00 1.912379722000000015e+01
1.041534057000000013e+00 1.989343446999999898e+01
1.042115705000000059e+00 2.032318704000000054e+01
1.042676125000000065e+00 2.098951436000000115e+01
1.043236499999999900e+00 2.177182557000000074e+01
1.043817181999999955e+00 2.224113549999999861e+01
1.044379943000000033e+00 2.286944220000000172e+01
1.044946351999999967e+00 2.350504529000000176e+01
1.045513579999999942e+00 2.420363356000000010e+01
1.046087817999999947e+00 2.484922248000000167e+01
1.046637567999999963e+00 2.556701307000000156e+01
1.047211193000000096e+00 2.597641063000000017e+01
1.047786955000000075e+00 2.678291706999999988e+01
1.048376023000000101e+00 2.767237775999999982e+01
1.048933499999999963e+00 2.828570702000000026e+01
1.049506363999999969e+00 2.906840160000000139e+01
1.050079943000000071e+00 2.979233716999999970e+01
1.050660931999999992e+00 3.028545765999999873e+01
1.051181067999999996e+00 3.101745830999999853e+01
1.051781317999999965e+00 3.176635715000000104e+01
1.052333398000000031e+00 3.246187261000000035e+01
1.052902307000000093e+00 3.317390224999999759e+01
1.053479033999999981e+00 3.394085135000000264e+01
1.054064647999999993e+00 3.457607042000000064e+01
1.054620034000000039e+00 3.536337454000000236e+01
1.055182590999999892e+00 3.616911230000000188e+01
1.055747124999999897e+00 3.680433201999999682e+01
1.056324454999999940e+00 3.757089709000000255e+01
1.056867602000000073e+00 3.818998600999999837e+01
1.057447886000000059e+00 3.894810198999999784e+01
1.058018466000000046e+00 3.988172892000000047e+01
1.058569840999999956e+00 4.053461487999999946e+01
1.059168056999999941e+00 4.105346732999999659e+01
1.059734976999999967e+00 4.208502725000000311e+01
1.060306114000000077e+00 4.295413356000000249e+01
1.060855818000000061e+00 4.341768253000000044e+01
1.061443511000000006e+00 4.420344992999999789e+01
1.062025726999999975e+00 4.495234812999999718e+01
1.062570704999999949e+00 4.575386165999999832e+01
1.063128636000000071e+00 4.619167930999999783e+01
1.063713840999999993e+00 4.742678627000000091e+01
1.064260750000000089e+00 4.773748279000000139e+01
1.064858705000000016e+00 4.869338485000000105e+01
1.065432431999999929e+00 4.951256461999999914e+01
1.065989250000000110e+00 4.996151952000000307e+01
1.066532044999999984e+00 5.081948858999999885e+01
1.067138739000000003e+00 5.172661616999999978e+01
1.067698398000000104e+00 5.237681332999999739e+01
1.068238851999999905e+00 5.306733652999999862e+01
1.068825023000000041e+00 5.395257300000000100e+01
1.069423795000000066e+00 5.455476436000000007e+01
1.069978885999999907e+00 5.529175726999999796e+01
1.070538443000000006e+00 5.623306525999999650e+01
1.071084989000000043e+00 5.657448601000000110e+01
1.071679955000000017e+00 5.764137841000000151e+01
1.072237023000000011e+00 5.828197440999999657e+01
1.072825681999999947e+00 5.880428368999999833e+01
1.073363033999999994e+00 5.969182427999999874e+01
1.073952465999999939e+00 6.062775534000000022e+01
1.074508875000000030e+00 6.116235392000000104e+01
1.075088545000000062e+00 6.190011487999999673e+01
1.075663181999999995e+00 6.264171668000000182e+01
1.076196885999999964e+00 6.309143962000000272e+01
1.076786102000000023e+00 6.399741514000000109e+01
1.077355011000000085e+00 6.485115998000000559e+01
1.077915227000000087e+00 6.519833782000000610e+01
1.078492511000000098e+00 6.609356332999999495e+01
1.079066545000000099e+00 6.671150147999999547e+01
1.079630670000000014e+00 6.724302853999999741e+01
1.080186260999999925e+00 6.810982622000000219e+01
1.080766749999999998e+00 6.892401436000000103e+01
1.081319955000000110e+00 6.937911744999999542e+01
1.081910442999999944e+00 7.010958137000000079e+01
1.082480772999999896e+00 7.093643704000000128e+01
1.083025340999999919e+00 7.142380172999999388e+01
1.083593181999999988e+00 7.245267416000000082e+01
1.084159080000000053e+00 7.309826049999999498e+01
1.084756534000000050e+00 7.338822183999999993e+01
1.085316544999999966e+00 7.426462003000000323e+01
1.085889568000000027e+00 7.490867287000000374e+01
1.086447692999999992e+00 7.547553498000000616e+01
1.087017772999999909e+00 7.618026435999999535e+01
1.087583830000000029e+00 7.706358265999999446e+01
1.088165022999999954e+00 7.736275792000000706e+01
1.088734942999999955e+00 7.844654658000000325e+01
1.089295965999999893e+00 7.895503239999999323e+01
1.089854351999999915e+00 7.947580560000000105e+01
1.090417830000000032e+00 8.027539966999999876e+01
1.090985614000000048e+00 8.089871152999999993e+01
1.091556591000000020e+00 8.140757750999999587e+01
1.092138352000000090e+00 8.223367287000000658e+01
1.092719897999999912e+00 8.273831203999999673e+01
1.093290579999999901e+00 8.342538034000000380e+01
1.093866033999999932e+00 8.416199116999999319e+01
1.094407659000000033e+00 8.490128885000000025e+01
1.094979716000000103e+00 8.532796410000000265e+01
1.095532466000000094e+00 8.616173987999999895e+01
1.096109954999999969e+00 8.688068318000000545e+01
1.096688864000000097e+00 8.741105688999999757e+01
1.097280363999999953e+00 8.802937518999999611e+01
1.097831385999999965e+00 8.863541256000000601e+01
1.098380783999999943e+00 8.930058653000000390e+01
1.098944455000000042e+00 8.987973601000000201e+01
1.099505489000000003e+00 9.052109554999999830e+01
1.100099329999999931e+00 9.089324116999999603e+01
1.100684795000000049e+00 9.168784168000000534e+01
1.101228955000000065e+00 9.226967802000000063e+01
1.101811273000000035e+00 9.287148858999999845e+01
1.102340193000000079e+00 9.349288033999999925e+01
1.102945011000000086e+00 9.418455559999999593e+01
1.103505023000000085e+00 9.462775148000000058e+01
1.104063102000000018e+00 9.535629529000000559e+01
1.104643942999999906e+00 9.593390483000000302e+01
1.105236317999999995e+00 9.639822184000000505e+01
1.105789117999999904e+00 9.724889837999999997e+01
1.106328709000000021e+00 9.770514837999999713e+01
1.106905333000000047e+00 9.818059940999999924e+01
1.107496892999999982e+00 9.875322183999999481e+01
1.108057209999999904e+00 9.938652080999999328e+01
1.108611736000000070e+00 9.981550276000000110e+01
1.109183636000000028e+00 1.002752128000000056e+02
1.109740855999999942e+00 1.010145105000000001e+02
1.110308945000000103e+00 1.012430221000000046e+02
1.110924583000000077e+00 1.020856251999999955e+02
1.111451678000000109e+00 1.027154704999999950e+02
1.112021241000000105e+00 1.030350001999999989e+02
1.112587706000000010e+00 1.036156832000000065e+02
1.113198110999999990e+00 1.042270943000000045e+02
1.113732063999999911e+00 1.044406251999999995e+02
1.114281459000000085e+00 1.050412824000000001e+02
1.114863772999999947e+00 1.055820233999999971e+02
1.115455840000000087e+00 1.061949680000000029e+02
1.116000765999999977e+00 1.066289435000000054e+02
1.116571903000000088e+00 1.071666175000000010e+02
1.117160566999999993e+00 1.075157154000000048e+02
1.117703459999999982e+00 1.082127708000000013e+02
1.118285012999999939e+00 1.086286986000000070e+02
1.118864531999999912e+00 1.089516818999999970e+02
1.119409051000000099e+00 1.095346715999999958e+02
1.119977038999999897e+00 1.098545878000000044e+02
1.120571696999999922e+00 1.103872618000000045e+02
1.121136585999999991e+00 1.107836020000000019e+02
1.121679733999999984e+00 1.112736534999999947e+02
1.122270633000000073e+00 1.114875710999999967e+02
1.122837655999999962e+00 1.122982992000000024e+02
1.123413822999999923e+00 1.126489370000000036e+02
1.123964742000000072e+00 1.129147037999999981e+02
1.124553405999999978e+00 1.133939950000000039e+02
1.125087815999999963e+00 1.138352708000000035e+02
1.125675361000000096e+00 1.140833700000000022e+02
1.126239742999999960e+00 1.146725002000000018e+02
1.126807426999999917e+00 1.150246716000000049e+02
1.127381916999999900e+00 1.151763725999999934e+02
1.127953004999999953e+00 1.154137180000000029e+02
1.128521550999999956e+00 1.161288210999999961e+02
1.129074096999999943e+00 1.162943429999999978e+02
1.129646149000000044e+00 1.166027385999999950e+02
1.130229326000000034e+00 1.170305735999999968e+02
1.130785834000000101e+00 1.170248069000000015e+02
1.131364285999999941e+00 1.172786664000000059e+02
1.131911448000000098e+00 1.177353030000000018e+02
1.132498384000000025e+00 1.179158055999999988e+02
1.133042190999999921e+00 1.181151291000000043e+02
1.133624607000000006e+00 1.181880993999999987e+02
1.134199299999999910e+00 1.182311148999999943e+02
1.134762258999999940e+00 1.185226097000000038e+02
1.135341676999999994e+00 1.186140144000000021e+02
1.135909818000000016e+00 1.185187695000000048e+02
1.136478010000000038e+00 1.186462695000000025e+02
