1.000000000000000000e+00 0.000000000000000000e+00
1.000590134999999936e+00 -8.204096499999999348e-02
1.001121302999999907e+00 -4.813275000000000192e-02
1.001696426999999945e+00 -6.973866400000000576e-02
1.002282134999999963e+00 -9.887973899999999428e-02
1.002828830999999976e+00 -7.688938000000000196e-03
1.003381999999999996e+00 -1.325572859999999964e-01
1.003943505999999930e+00 -4.321182999999999969e-02
1.004503348000000074e+00 -4.444205999999999851e-02
1.005067865000000005e+00 4.613362000000000192e-03
1.005631235999999928e+00 3.967491699999999705e-02
1.006204392999999975e+00 2.152902500000000025e-02
1.006748674000000010e+00 -6.981555500000000136e-02
1.007312943999999932e+00 -2.921796299999999957e-02
1.007899909999999899e+00 1.122584899999999955e-02
1.008460708000000094e+00 -3.298554299999999911e-02
1.009012269999999933e+00 7.811960799999999316e-02
1.009599697000000074e+00 1.276363650000000016e-01
1.010154876000000090e+00 1.322497270000000114e-01
1.010706281000000040e+00 1.736162129999999915e-01
1.011271460999999983e+00 2.071399790000000019e-01
1.011849135000000066e+00 1.247145689999999973e-01
1.012367449000000086e+00 2.766479640000000240e-01
1.012958943999999972e+00 3.941349359999999913e-01
1.013516225000000048e+00 3.882913599999999743e-01
1.014073809000000104e+00 4.864021960000000089e-01
1.014628988999999981e+00 7.204534599999999900e-01
1.015228674000000053e+00 7.485949720000000251e-01
1.015779224999999952e+00 9.357437069999999801e-01
1.016326663000000075e+00 1.081372189999999955e+00
1.016866472000000021e+00 1.149188625000000075e+00
1.017447774999999943e+00 1.369553588999999905e+00
1.018033135000000033e+00 1.531943939999999893e+00
1.018570527999999920e+00 1.749694662000000012e+00
1.019142640000000100e+00 2.045257406999999805e+00
1.019733224999999965e+00 2.286382510000000146e+00
1.020273482999999981e+00 2.558109573999999942e+00
1.020826752999999920e+00 2.911185683999999885e+00
1.021394786999999971e+00 3.249037593000000168e+00
1.021959303000000041e+00 3.564591513999999961e+00
1.022539752999999996e+00 3.898598996000000039e+00
1.023078753000000063e+00 4.285660142000000228e+00
1.023645887999999893e+00 4.708859315999999851e+00
1.024215021999999919e+00 5.290911689999999723e+00
1.024782303000000061e+00 5.650754052999999999e+00
1.025349639999999951e+00 6.041352092000000340e+00
1.025900044999999983e+00 6.611717417000000374e+00
1.026463112000000066e+00 7.082895694000000297e+00
1.027024562000000030e+00 7.605897242000000169e+00
1.027594662999999908e+00 8.167189554000000129e+00
1.028122055999999951e+00 8.758007664999999164e+00
1.028701145999999955e+00 9.203658336000000162e+00
1.029278370999999970e+00 9.814467674999999502e+00
1.029824100999999992e+00 1.037099296000000059e+01
1.030377179999999893e+00 1.089860776999999992e+01
1.030960281000000034e+00 1.147620090999999931e+01
1.031533382000000110e+00 1.204948805999999983e+01
1.032082640000000051e+00 1.260632086999999935e+01
1.032642134999999906e+00 1.321220916000000045e+01
1.033230517000000015e+00 1.377642329999999937e+01
1.033781719000000043e+00 1.427497413000000037e+01
1.034328056000000107e+00 1.487286602000000002e+01
1.034912169000000048e+00 1.555779635999999932e+01
1.035455988999999910e+00 1.606911085999999855e+01
1.036005191000000103e+00 1.670390962999999829e+01
1.036583527999999976e+00 1.726335673999999898e+01
1.037137843000000004e+00 1.779927547000000132e+01
1.037693527999999921e+00 1.842192561999999967e+01
1.038268595999999988e+00 1.909547670999999980e+01
1.038849190999999950e+00 1.952236654000000016e+01
1.039388438000000026e+00 2.009642253000000167e+01
1.039937437999999936e+00 2.081472309000000109e+01
1.040528381999999974e+00 2.127744342000000088e+01
1.041072403999999896e+00 2.190393801000000096e+01
1.041627437999999906e+00 2.247968567999999934e+01
1.042187382000000051e+00 2.305082009999999926e+01
1.042774056000000060e+00 2.361411164000000085e+01
1.043346966000000098e+00 2.415648935000000108e+01
1.043883404000000015e+00 2.467795296999999977e+01
1.044459472000000000e+00 2.531075251000000037e+01
1.045037202000000054e+00 2.589065292000000085e+01
1.045596302999999949e+00 2.639473960999999846e+01
1.046129572999999979e+00 2.693480926000000153e+01
1.046694000000000013e+00 2.758145013000000034e+01
1.047278257999999962e+00 2.806323805999999976e+01
1.047817562000000091e+00 2.857670554999999979e+01
1.048392629000000076e+00 2.920550585999999882e+01
1.048967393000000081e+00 2.980232215999999923e+01
1.049513426999999943e+00 3.031855797000000052e+01
1.050062225000000016e+00 3.096058325999999994e+01
1.050637899000000042e+00 3.139916168999999968e+01
1.051190360000000101e+00 3.196014466000000098e+01
1.051744438000000059e+00 3.255465447000000268e+01
1.052321617999999903e+00 3.307750276000000156e+01
1.052906528000000064e+00 3.368677263000000011e+01
1.053424281000000073e+00 3.418978346000000101e+01
1.053993426999999983e+00 3.471401463000000120e+01
1.054569448999999937e+00 3.532313228000000294e+01
1.055167371000000021e+00 3.591625920999999977e+01
1.055691404000000055e+00 3.638543620000000089e+01
1.056271493999999977e+00 3.703253887999999705e+01
1.056839281000000019e+00 3.757614568999999705e+01
1.057363763999999984e+00 3.801841350000000119e+01
1.057950787000000004e+00 3.865936293000000035e+01
1.058511187999999992e+00 3.926909718999999654e+01
1.059091728999999926e+00 3.978794651999999843e+01
1.059633897999999963e+00 4.033032268000000187e+01
1.060195554000000095e+00 4.088238924000000196e+01
1.060750982000000064e+00 4.146659461000000135e+01
1.061298976000000005e+00 4.203034848000000068e+01
1.061884491999999902e+00 4.254566066000000291e+01
1.062454637000000091e+00 4.311710286999999653e+01
1.063007454000000074e+00 4.368746663999999669e+01
1.063570316000000071e+00 4.433672102999999964e+01
1.064115697999999943e+00 4.479944033000000303e+01
1.064696290999999961e+00 4.547376178999999752e+01
1.065246093000000061e+00 4.592125663000000202e+01
1.065829649000000101e+00 4.640489182000000312e+01
1.066378848999999907e+00 4.699955384999999808e+01
1.066955525000000016e+00 4.747165394999999677e+01
1.067492770999999951e+00 4.803617665000000159e+01
1.068076878999999924e+00 4.863929585000000344e+01
1.068645467000000071e+00 4.909648108999999749e+01
1.069180954999999988e+00 4.960410492999999832e+01
1.069743816999999986e+00 5.008020400000000194e+01
1.070326469000000058e+00 5.066994600000000304e+01
1.070867331000000089e+00 5.109791297999999671e+01
1.071429288999999896e+00 5.166197128999999677e+01
1.071990844999999970e+00 5.217005694000000204e+01
1.072577716999999931e+00 5.257926230999999717e+01
1.073107929999999932e+00 5.308903784999999687e+01
1.073684252999999922e+00 5.352146560999999991e+01
1.074253896999999958e+00 5.387223445000000055e+01
1.074820574999999945e+00 5.441676489000000316e+01
1.075361487999999976e+00 5.477799037999999854e+01
1.075942833999999904e+00 5.523333094000000187e+01
1.076507153000000105e+00 5.574802650000000170e+01
1.077066751000000044e+00 5.626918232999999958e+01
1.077630013000000053e+00 5.659088770000000324e+01
1.078183332999999910e+00 5.718647334999999998e+01
1.078741422000000005e+00 5.759122050999999942e+01
1.079296599999999939e+00 5.797889595000000185e+01
1.079879905999999945e+00 5.846637530999999655e+01
1.080396155000000080e+00 5.897938099000000278e+01
1.081012811999999990e+00 5.935060132000000266e+01
1.081573413000000095e+00 5.987160492999999661e+01
1.082134115999999979e+00 6.032017820000000086e+01
1.082681508000000070e+00 6.056422360999999910e+01
1.083228497999999984e+00 6.114443259000000097e+01
1.083831492000000063e+00 6.154087221999999713e+01
1.084367532999999995e+00 6.188057036000000011e+01
1.084945161999999907e+00 6.242725251000000242e+01
1.085501293000000089e+00 6.282169523000000311e+01
1.086043963000000057e+00 6.317308067999999821e+01
1.086614208999999942e+00 6.362657397000000259e+01
1.087191889000000078e+00 6.405315550000000258e+01
1.087759622000000093e+00 6.435133403000000385e+01
1.088320777999999933e+00 6.470471639000000152e+01
1.088879119000000006e+00 6.495768336000000431e+01
1.089433643000000007e+00 6.520849606000000165e+01
1.090003988999999951e+00 6.573580255999999622e+01
1.090536664000000044e+00 6.606581287999999574e+01
1.091117255999999980e+00 6.634768852000000550e+01
1.091695789999999944e+00 6.674059357999999520e+01
1.092242377999999903e+00 6.715610440999999753e+01
1.092820157000000014e+00 6.743567355999999791e+01
1.093390000999999945e+00 6.794514207999999655e+01
1.093934581000000072e+00 6.855748986000000400e+01
1.094494228000000069e+00 6.867005693999999494e+01
1.095057943999999894e+00 6.893624631000000136e+01
1.095620706000000055e+00 6.940727056999999434e+01
1.096178493999999892e+00 6.994549811999999633e+01
1.096749192000000095e+00 7.027950482999999338e+01
1.097312507000000048e+00 7.046219317000000615e+01
1.097857687999999943e+00 7.089492794000000231e+01
1.098431348999999946e+00 7.146882886999999585e+01
1.098994161000000025e+00 7.145037686000000576e+01
1.099549590000000077e+00 7.200351928000000612e+01
1.100128374000000075e+00 7.248130822999999623e+01
1.100651003000000072e+00 7.302168749000000503e+01
1.101228080000000054e+00 7.298647076999999683e+01
1.101810280000000031e+00 7.364356829000000459e+01
1.102356617000000094e+00 7.400971638999999413e+01
1.102943036000000099e+00 7.436924940999999478e+01
1.103496655999999909e+00 7.435602443000000505e+01
1.104072074999999931e+00 7.488087222000000054e+01
1.104608164999999920e+00 7.545031493999999839e+01
1.105172583999999958e+00 7.589565808000000402e+01
1.105735898999999911e+00 7.584921586999999477e+01
1.106289870999999980e+00 7.634669264999999427e+01
1.106836710000000057e+00 7.677881080999999597e+01
1.107429709000000040e+00 7.722307551999999475e+01
1.107996940000000041e+00 7.686876952999999446e+01
1.108524191000000103e+00 7.749172876999999460e+01
1.109111061999999981e+00 7.814974734999999839e+01
1.109665134999999969e+00 7.843562196000000597e+01
1.110233320000000079e+00 7.897446354999999585e+01
1.110791963999999910e+00 7.858140369000000192e+01
1.111369290999999926e+00 7.915745889999999463e+01
1.111937227000000084e+00 7.964708996999999613e+01
1.112508376000000077e+00 7.999355538999999737e+01
1.113053607999999972e+00 8.035170555000000547e+01
1.113616520000000110e+00 7.980978862000000618e+01
1.114144674000000057e+00 8.069663072999999542e+01
1.114702663999999954e+00 8.095205642999999895e+01
1.115343079999999931e+00 8.150996664000000180e+01
1.115848530000000061e+00 8.192732216000000278e+01
1.116414103999999963e+00 8.220766014000000155e+01
1.116997208999999991e+00 8.185027881999999977e+01
1.117542642000000086e+00 8.222196354999999812e+01
1.118074411999999906e+00 8.272681907000000479e+01
1.118653297999999907e+00 8.320307035999999812e+01
1.119221583999999936e+00 8.354061421999999482e+01
1.119788916999999939e+00 8.384294393999999784e+01
1.120339170999999912e+00 8.335654300999999577e+01
1.120891936999999894e+00 8.400718027000000632e+01
1.121483229000000081e+00 8.431058584000000167e+01
1.122013391999999943e+00 8.467642433000000324e+01
1.122618144999999901e+00 8.520342381999999759e+01
1.123155742000000012e+00 8.549698935000000688e+01
1.123718503000000091e+00 8.585298521999999366e+01
1.124260218999999950e+00 8.554527624000000685e+01
1.124828406000000003e+00 8.569597799999999665e+01
1.125402720000000079e+00 8.619083867999999882e+01
1.125968846999999995e+00 8.667970090999999400e+01
1.126536380999999976e+00 8.704723187000000451e+01
1.127102406999999973e+00 8.747611989000000676e+01
1.127645629000000094e+00 8.792899914999999567e+01
1.128183879999999917e+00 8.685654558999999608e+01
1.128779138999999931e+00 8.780382371000000319e+01
1.129359079000000099e+00 8.818381080999999710e+01
1.129895972999999998e+00 8.859240214000000435e+01
1.130448337000000025e+00 8.913047231999999553e+01
1.131027121000000024e+00 8.952799038000000564e+01
1.131584810000000108e+00 8.971344704000000547e+01
1.132144207000000069e+00 8.941342640000000586e+01
1.132712243000000063e+00 8.965824064000000249e+01
1.133252251000000044e+00 9.028104507000000467e+01
1.133817725000000110e+00 9.044574321999999711e+01
1.134383299000000012e+00 9.095336706000000504e+01
1.134968511999999929e+00 9.135764982000000600e+01
1.135517711999999957e+00 9.174701772999999605e+01
1.136098054000000079e+00 9.211639594999999758e+01
1.136659560000000013e+00 9.142162299000000303e+01
1.137202029000000003e+00 9.182267819999999858e+01
1.137763886999999974e+00 9.231815292000000284e+01
1.138337547999999977e+00 9.280732215999999823e+01
1.138911710999999993e+00 9.325005178000000683e+01
1.139463573000000007e+00 9.365864310999999987e+01
1.140004084000000084e+00 9.395036138000000392e+01
1.140570912999999909e+00 9.277302908000000059e+01
1.141140556999999944e+00 9.357667716999999641e+01
1.141688802000000003e+00 9.407553681999999640e+01
1.142267688000000003e+00 9.460007500000000391e+01
1.142810156999999993e+00 9.502342898000000559e+01
1.143391754000000038e+00 9.536066581999999414e+01
1.143945975999999920e+00 9.582015755999999840e+01
1.144501707000000090e+00 9.413197386999999594e+01
1.145092747000000077e+00 9.513999244000000033e+01
1.145630042999999931e+00 9.570051617999999394e+01
1.146175273999999966e+00 9.643542587999999682e+01
1.146765260000000008e+00 9.666793878000000007e+01
1.147328372999999901e+00 9.716571999999999321e+01
1.147870340000000100e+00 9.760721897000000524e+01
1.148440584999999903e+00 9.791969833000000278e+01
1.149005105999999943e+00 9.721908170999999754e+01
1.149577561999999942e+00 9.767534331999999608e+01
1.150122038999999985e+00 9.800396818999999482e+01
1.150709764999999996e+00 9.841440421000000072e+01
1.151236863999999915e+00 9.883821742000000654e+01
1.151801835999999968e+00 9.914685260999999628e+01
1.152382930999999999e+00 9.964970864999999378e+01
1.152956792999999980e+00 9.804226024999999822e+01
1.153484897000000009e+00 9.899153526999999997e+01
1.154066945999999927e+00 9.975904558999999949e+01
1.154641964000000076e+00 9.987791556000000526e+01
1.155225519999999895e+00 1.004444376999999946e+02
1.155754076000000019e+00 1.008719428999999934e+02
1.156273590999999934e+00 1.011556632000000064e+02
1.156889846000000110e+00 1.014624536999999975e+02
1.157412424999999967e+00 1.000987437000000000e+02
1.157998491999999935e+00 1.012574666000000008e+02
1.158573056999999906e+00 1.012056426000000044e+02
1.159090211999999953e+00 1.017423299000000014e+02
1.159668595000000080e+00 1.023392984000000041e+02
1.160264055000000072e+00 1.025833463999999964e+02
1.160802305000000034e+00 1.030280728999999980e+02
1.161374761000000033e+00 1.032365972000000056e+02
1.161918586000000086e+00 1.022724046999999956e+02
1.162492649000000045e+00 1.030177711000000045e+02
1.163038734999999990e+00 1.033328640000000007e+02
1.163633643000000051e+00 1.035233953999999983e+02
1.164170134999999995e+00 1.041054491000000013e+02
1.164711298000000061e+00 1.044552943000000056e+02
1.165283252000000047e+00 1.046524383000000000e+02
1.165899457000000083e+00 1.051512979000000030e+02
1.166427509999999890e+00 1.042523067000000054e+02
1.166972541000000030e+00 1.043607200000000006e+02
1.167552632000000035e+00 1.048597318999999999e+02
1.168096658000000065e+00 1.055014527000000015e+02
1.168663538999999973e+00 1.057416539000000029e+02
1.169232529000000076e+00 1.060790456000000006e+02
1.169814828999999889e+00 1.064393474000000026e+02
1.170369352999999890e+00 1.065376136999999943e+02
1.170909159999999893e+00 1.055096029000000044e+02
1.171513913000000073e+00 1.062223659999999938e+02
1.172030966999999979e+00 1.065886662999999999e+02
1.172607088999999991e+00 1.070613831000000005e+02
1.173175676999999917e+00 1.074538263000000029e+02
1.173732109999999995e+00 1.077280135999999970e+02
1.174300697999999921e+00 1.080652503999999965e+02
1.174857934999999909e+00 1.068181038999999970e+02
1.175418787999999992e+00 1.075299459999999954e+02
1.175958644999999914e+00 1.081985760000000028e+02
1.176510959000000023e+00 1.085564191999999935e+02
1.177098533999999974e+00 1.089773117999999954e+02
1.177651250000000038e+00 1.093748298999999946e+02
1.178213208000000067e+00 1.097282148000000035e+02
1.178810023999999901e+00 1.082230291000000051e+02
1.179347069000000081e+00 1.094135837999999978e+02
1.179910231999999892e+00 1.097033026000000007e+02
1.180457322999999947e+00 1.101864759000000049e+02
1.181024705000000008e+00 1.107299279000000070e+02
1.181584152000000110e+00 1.111343681000000032e+02
1.182155652999999917e+00 1.113957922000000025e+02
1.182744534000000014e+00 1.099079825999999969e+02
1.183295039000000104e+00 1.111958800000000025e+02
1.183817918999999996e+00 1.114042493999999976e+02
1.184400069999999916e+00 1.120059856999999965e+02
1.184959818000000054e+00 1.123704414000000043e+02
1.185524688999999965e+00 1.127851833999999940e+02
1.186083130000000097e+00 1.117917726000000016e+02
1.186658349000000001e+00 1.122849408000000011e+02
1.187226233999999936e+00 1.127458155000000062e+02
1.187761872000000052e+00 1.134272086000000002e+02
1.188354871999999895e+00 1.137987385999999930e+02
1.188904071000000062e+00 1.140718499999999977e+02
1.189450257000000066e+00 1.124214965999999976e+02
1.190028088000000039e+00 1.138542520000000025e+02
1.190593261000000069e+00 1.142037902000000003e+02
1.191132312999999998e+00 1.146045383999999956e+02
1.191693670000000038e+00 1.151355367999999970e+02
1.192279737000000006e+00 1.155132174000000020e+02
1.192855860000000101e+00 1.144813623999999948e+02
1.193388885000000066e+00 1.151379981000000043e+02
1.193954962000000064e+00 1.154258695999999986e+02
1.194520637000000107e+00 1.162124486000000019e+02
1.195068833000000108e+00 1.164634161000000034e+02
1.195631292999999928e+00 1.168946105999999929e+02
1.196212537999999936e+00 1.155854929999999996e+02
1.196750487999999946e+00 1.168298711999999995e+02
1.197329925000000017e+00 1.170551576000000011e+02
1.197901024999999953e+00 1.174766642999999959e+02
1.198441083000000074e+00 1.179624512000000038e+02
1.199020117999999968e+00 1.173684032000000030e+02
1.199585993999999989e+00 1.177310140999999959e+02
1.200140216999999954e+00 1.180473376000000059e+02
1.200680576000000110e+00 1.184843757999999951e+02
1.201263127999999902e+00 1.188952737000000042e+02
1.201817251000000031e+00 1.176299821000000065e+02
1.202373281999999932e+00 1.188954259000000064e+02
1.202917961000000036e+00 1.190261380000000031e+02
1.203516888000000007e+00 1.194198118000000051e+02
1.204051119000000059e+00 1.183058386999999954e+02
1.204632163999999950e+00 1.192452736999999985e+02
1.205181564999999955e+00 1.197047653999999994e+02
1.205774362999999960e+00 1.199160580000000067e+02
1.206296438999999943e+00 1.190901111000000014e+02
1.206836197000000110e+00 1.197562798999999956e+02
1.207436930000000075e+00 1.203475595000000027e+02
1.207994065999999922e+00 1.205427040000000005e+02
1.208561951999999939e+00 1.194950105000000065e+02
1.209118082999999899e+00 1.204824227999999948e+02
1.209691794000000042e+00 1.209852814000000052e+02
1.210239186999999994e+00 1.199449666000000008e+02
1.210789190000000071e+00 1.206844892999999956e+02
