1.000000000000000000e+00 0.000000000000000000e+00
1.000574719000000057e+00 -1.884971619999999959e-01
1.001111201999999922e+00 -1.592902150000000128e-01
1.001696573000000035e+00 -4.830380399999999880e-02
1.002263797999999984e+00 -1.499664569999999975e-01
1.002816617999999993e+00 -8.380148099999999711e-02
1.003357078999999930e+00 -2.022019599999999931e-02
1.003940685000000110e+00 -9.919129699999999772e-02
1.004495056000000108e+00 7.346670900000000504e-02
1.005064202000000018e+00 1.415413499999999998e-02
1.005636707999999935e+00 -1.389576819999999990e-01
1.006190179999999934e+00 8.088078399999999724e-02
1.006741684999999942e+00 3.864303799999999761e-02
1.007338752999999976e+00 9.885427999999999923e-03
1.007877909999999932e+00 1.287352469999999971e-01
1.008447348000000021e+00 2.482590729999999968e-01
1.009008909999999926e+00 9.436091200000000512e-02
1.009585685000000010e+00 3.653115339999999933e-01
1.010122270000000100e+00 3.327345649999999821e-01
1.010694978000000077e+00 3.246464760000000171e-01
1.011269246999999982e+00 4.877560499999999966e-01
1.011824921000000099e+00 7.142222769999999610e-01
1.012375730000000029e+00 7.007421409999999851e-01
1.012950596000000036e+00 9.027194120000000543e-01
1.013493168999999972e+00 1.153225179000000100e+00
1.014068584000000106e+00 1.032128684999999990e+00
1.014625573000000003e+00 1.303079306000000104e+00
1.015213753000000052e+00 1.670188202000000066e+00
1.015758933000000086e+00 1.853967319999999974e+00
1.016317123999999961e+00 2.212314135000000181e+00
1.016883146000000071e+00 2.614696041999999832e+00
1.017452888000000000e+00 2.667493214999999918e+00
1.018012584000000054e+00 3.245116810999999934e+00
1.018594089999999897e+00 3.697600038000000033e+00
1.019151270000000054e+00 3.966753071999999936e+00
1.019676213000000109e+00 4.354756087000000164e+00
1.020262932999999927e+00 4.997982999999999620e+00
1.020820775000000014e+00 5.320832228000000441e+00
1.021386493999999923e+00 5.874191821000000147e+00
1.021942021999999950e+00 6.373630569000000357e+00
1.022526236000000033e+00 6.973721033000000347e+00
1.023096685000000061e+00 7.651322238999999747e+00
1.023604742000000067e+00 8.080215190000000547e+00
1.024214820000000081e+00 8.729957368999999190e+00
1.024764471999999982e+00 9.367118318999999360e+00
1.025329146000000025e+00 1.016289517999999958e+01
1.025884022000000062e+00 1.070816656999999950e+01
1.026477819999999985e+00 1.129432751999999951e+01
1.026994471999999936e+00 1.200405650000000080e+01
1.027564673999999956e+00 1.270479867999999968e+01
1.028120697000000083e+00 1.330443984000000057e+01
1.028695517000000059e+00 1.407797470999999945e+01
1.029229898999999948e+00 1.475737312000000045e+01
1.029841629000000092e+00 1.541385559999999977e+01
1.030376618000000022e+00 1.618109946999999949e+01
1.030946257999999949e+00 1.677355140999999961e+01
1.031480437999999999e+00 1.751832865000000083e+01
1.032068876000000079e+00 1.821143192999999982e+01
1.032646348000000103e+00 1.891464527000000118e+01
1.033180180000000004e+00 1.955674893000000125e+01
1.033768663000000032e+00 2.032646434000000113e+01
1.034330562000000064e+00 2.095463847999999984e+01
1.034875798000000069e+00 2.180995284999999839e+01
1.035430719000000055e+00 2.254551861999999929e+01
1.036017696999999904e+00 2.306944624999999860e+01
1.036552528000000084e+00 2.386544813000000076e+01
1.037109269999999972e+00 2.460528266000000031e+01
1.037709696999999931e+00 2.517369465000000162e+01
1.038274270000000055e+00 2.593936633999999941e+01
1.038809303000000073e+00 2.680456610999999967e+01
1.039391753000000085e+00 2.735253331999999915e+01
1.039966066999999939e+00 2.816246433999999965e+01
1.040511146000000053e+00 2.889286275999999987e+01
1.041049201999999951e+00 2.957563169999999886e+01
1.041637281000000081e+00 3.026244435999999993e+01
1.042203954999999960e+00 3.095195285000000140e+01
1.042739045000000031e+00 3.159517976000000061e+01
1.043315168999999987e+00 3.244510211000000055e+01
1.043892639999999927e+00 3.306159325000000138e+01
1.044429134999999897e+00 3.377985973999999914e+01
1.045004247000000053e+00 3.453452238999999935e+01
1.045570729999999893e+00 3.529614959999999968e+01
1.046151124000000099e+00 3.584816090999999716e+01
1.046698257999999937e+00 3.667292042999999779e+01
1.047249021999999918e+00 3.737343795999999685e+01
1.047835843000000100e+00 3.799532035000000008e+01
1.048376347999999902e+00 3.872302484000000078e+01
1.048930673999999952e+00 3.952823781000000025e+01
1.049507044999999916e+00 4.014382770000000278e+01
1.050058201999999996e+00 4.096881451000000141e+01
1.050621124000000073e+00 4.159968521999999780e+01
1.051178202000000006e+00 4.219932337000000189e+01
1.051751212999999963e+00 4.297825287999999944e+01
1.052298606999999997e+00 4.376908590000000032e+01
1.052875527999999949e+00 4.438669991999999809e+01
1.053442865000000062e+00 4.507553520999999819e+01
1.053990258000000013e+00 4.572932337000000302e+01
1.054553719000000056e+00 4.641096679000000336e+01
1.055123763999999964e+00 4.715776663999999840e+01
1.055666685000000049e+00 4.801330377000000027e+01
1.056230247000000011e+00 4.864012999999999920e+01
1.056831843000000104e+00 4.941254236999999705e+01
1.057374663000000048e+00 5.006071047999999735e+01
1.057964393000000003e+00 5.079560304999999687e+01
1.058515000000000095e+00 5.152128342000000316e+01
1.059072787000000071e+00 5.227482280000000259e+01
1.059607573000000080e+00 5.287244436000000292e+01
1.060201224999999914e+00 5.364777417999999898e+01
1.060753089999999954e+00 5.450129094999999779e+01
1.061301539000000016e+00 5.495691854999999748e+01
1.061876652000000032e+00 5.577179603999999813e+01
1.062433989000000079e+00 5.660014884999999651e+01
1.063009561999999963e+00 5.713867882000000264e+01
1.063539527999999956e+00 5.794479264999999657e+01
1.064152157000000098e+00 5.866395586000000151e+01
1.064685134999999949e+00 5.935189403999999769e+01
1.065246292000000095e+00 6.002028078000000022e+01
1.065833212999999891e+00 6.071114018000000101e+01
1.066394516999999986e+00 6.125865619999999723e+01
1.066923977999999940e+00 6.213284390999999829e+01
1.067483876000000054e+00 6.286166788999999966e+01
1.068075977999999981e+00 6.340267052000000092e+01
1.068609898999999919e+00 6.426921783000000232e+01
1.069169854000000086e+00 6.487942137000000287e+01
1.069761745999999958e+00 6.550377493000000584e+01
1.070302003999999974e+00 6.620766109999999571e+01
1.070858136000000016e+00 6.689380131999999435e+01
1.071439130999999989e+00 6.751882958999999573e+01
1.071995263000000032e+00 6.821552767000000017e+01
1.072548330000000050e+00 6.888032223999999815e+01
1.073095871999999895e+00 6.952512058000000650e+01
1.073692588999999975e+00 7.019935352000000250e+01
1.074241487000000106e+00 7.084213151000000153e+01
1.074818915999999902e+00 7.138627775999999869e+01
1.075379869000000044e+00 7.221261020999999403e+01
1.075922588999999929e+00 7.267250844000000143e+01
1.076477415000000049e+00 7.335482657000000017e+01
1.077051076000000052e+00 7.407039763000000221e+01
1.077607208000000094e+00 7.468688838999999291e+01
1.078189156000000093e+00 7.512903690000000267e+01
1.078733033000000008e+00 7.582101579000000413e+01
1.079330200000000017e+00 7.647974553000000242e+01
1.079854284999999914e+00 7.698794757000000288e+01
1.080393289999999951e+00 7.769924797999999555e+01
1.080993421000000065e+00 7.823598375000000260e+01
1.081546136999999908e+00 7.877720877999999516e+01
1.082086947999999937e+00 7.944852050999999449e+01
1.082686679000000041e+00 8.007669615999999735e+01
1.083254865000000011e+00 8.046941759999999988e+01
1.083798288999999970e+00 8.122160757999999703e+01
1.084323177999999999e+00 8.171969652999999312e+01
1.084919893999999996e+00 8.223778548999999316e+01
1.085480948000000057e+00 8.290639837999999884e+01
1.086030851000000075e+00 8.347256498000000136e+01
1.086616065000000075e+00 8.401895774999999844e+01
1.087166269999999990e+00 8.462444209999999600e+01
1.087725212999999913e+00 8.500053708999999458e+01
1.088282098999999947e+00 8.528833957999999882e+01
1.088834061000000020e+00 8.617959853000000692e+01
1.089436201999999909e+00 8.679901051999999595e+01
1.089963049000000073e+00 8.684147188000000028e+01
1.090547810999999978e+00 8.781406517000000633e+01
1.091106906999999904e+00 8.824700147000000072e+01
1.091670874000000069e+00 8.878081602000000316e+01
1.092236197000000075e+00 8.923666977000000600e+01
1.092807045000000032e+00 8.976418956000000549e+01
1.093337258000000034e+00 9.039056723999999576e+01
1.093903185000000056e+00 9.097605536999999742e+01
1.094480663999999992e+00 9.144696000999999796e+01
1.095038152000000098e+00 9.194819633999999553e+01
1.095614373999999946e+00 9.236338292000000649e+01
1.096162116999999991e+00 9.304974930000000199e+01
1.096730152999999985e+00 9.339394077999999411e+01
1.097278347999999903e+00 9.409513189000000466e+01
1.097837141999999933e+00 9.455368070000000102e+01
1.098419794000000005e+00 9.494527888999999732e+01
1.098974871000000020e+00 9.553728040000000021e+01
1.099543560000000086e+00 9.596280244999999809e+01
1.100106974000000015e+00 9.645595360000000085e+01
1.100656826999999893e+00 9.687832826999999725e+01
1.101213610999999926e+00 9.766309646000000555e+01
1.101780039000000100e+00 9.780059362999999450e+01
1.102338280999999975e+00 9.850650392000000011e+01
1.102907120000000019e+00 9.889068785999999989e+01
1.103484950999999992e+00 9.940989630999999349e+01
1.104022346000000043e+00 9.975409156000000621e+01
1.104602136000000012e+00 1.005276271999999977e+02
1.105165399000000104e+00 1.007201677000000046e+02
1.105725198000000020e+00 1.014123727000000059e+02
1.106297453000000042e+00 1.016096325000000036e+02
1.106858606999999939e+00 1.020892970000000020e+02
1.107384801999999890e+00 1.024566320999999931e+02
1.107943493999999918e+00 1.031445702999999980e+02
1.108515045999999948e+00 1.034923538999999977e+02
1.109098452000000012e+00 1.038810346000000067e+02
1.109656793000000086e+00 1.045033640999999989e+02
1.110195645999999980e+00 1.044921314999999993e+02
1.110778247999999913e+00 1.053126215000000059e+02
1.111337996999999911e+00 1.053647473999999988e+02
1.111916278999999896e+00 1.060836845000000039e+02
1.112455984999999981e+00 1.065923350999999997e+02
1.113030600999999953e+00 1.065840237000000030e+02
1.113588188999999895e+00 1.073775555999999938e+02
1.114144671999999892e+00 1.079583245000000034e+02
1.114709192000000071e+00 1.063514906999999994e+02
1.115279839000000051e+00 1.067197228999999936e+02
1.115810503999999925e+00 1.077902694999999937e+02
1.116388587000000099e+00 1.084528174999999948e+02
1.116984097000000009e+00 1.079399001000000027e+02
1.117521342999999945e+00 1.084132773999999984e+02
1.118089981000000011e+00 1.091416528000000028e+02
1.118645459999999980e+00 1.096109856000000065e+02
1.119204352999999985e+00 1.102330965000000020e+02
1.119763097000000096e+00 1.099023841000000061e+02
1.120351674999999991e+00 1.105566170000000028e+02
1.120925989999999928e+00 1.110913285999999971e+02
1.121453390999999966e+00 1.116916453000000047e+02
1.122019467000000104e+00 1.121630021999999940e+02
1.122581878000000088e+00 1.113984527000000071e+02
1.123163625000000110e+00 1.122402883000000031e+02
1.123710363999999906e+00 1.126889501999999936e+02
1.124282366999999949e+00 1.132816263999999933e+02
1.124841361999999956e+00 1.139819204000000070e+02
1.125395383999999943e+00 1.130034885000000031e+02
1.125936848000000046e+00 1.138381322999999981e+02
1.126537080999999940e+00 1.145705521999999945e+02
1.127076033999999893e+00 1.148477929999999958e+02
1.127657531000000102e+00 1.155525801000000001e+02
1.128200300999999905e+00 1.161751356999999985e+02
1.128760803000000035e+00 1.154029495000000054e+02
1.129324017000000069e+00 1.155355050999999946e+02
1.129906317000000104e+00 1.163227459000000010e+02
1.130441452999999985e+00 1.167705107000000027e+02
1.131026466000000008e+00 1.174463116999999954e+02
1.131573355000000003e+00 1.180048417000000001e+02
1.132142497000000025e+00 1.185440463000000051e+02
1.132714551000000069e+00 1.168385846000000043e+02
1.133243006000000053e+00 1.175786449000000005e+02
1.133818022000000036e+00 1.180587617000000051e+02
1.134372646999999956e+00 1.186689614999999947e+02
1.134938725000000037e+00 1.192966847999999942e+02
1.135484759999999982e+00 1.197260289999999969e+02
1.136081525999999897e+00 1.203973368999999991e+02
1.136640069000000031e+00 1.208610534999999970e+02
1.137209109000000051e+00 1.180798774999999949e+02
1.137770916000000021e+00 1.192158065999999934e+02
1.138294600000000045e+00 1.201883961000000056e+02
1.138862835999999934e+00 1.207727610000000027e+02
1.139445690000000067e+00 1.213724028999999973e+02
1.140016136000000069e+00 1.218830738000000053e+02
1.140574427000000002e+00 1.223910496999999964e+02
1.141117699999999902e+00 1.229376685999999950e+02
1.141703818000000092e+00 1.236691914000000025e+02
1.142260601999999903e+00 1.238666735000000045e+02
1.142802920999999916e+00 1.213822861000000017e+02
1.143372714999999928e+00 1.225764020999999957e+02
1.143953207000000027e+00 1.228979022999999984e+02
1.144492612000000076e+00 1.237067112000000009e+02
1.145058337000000037e+00 1.243052299000000005e+02
1.145633053999999929e+00 1.248916150999999957e+02
1.146197171999999931e+00 1.254847398999999939e+02
1.146736626999999897e+00 1.260041745000000049e+02
1.147310739999999996e+00 1.264690142999999978e+02
1.147869132999999930e+00 1.268525235000000038e+02
1.148464240000000025e+00 1.244492403999999937e+02
1.149008016000000021e+00 1.252748981999999955e+02
1.149567261999999923e+00 1.260288860999999940e+02
1.150123393000000105e+00 1.267770354000000026e+02
1.150655264000000066e+00 1.271513324000000011e+02
1.151194819999999952e+00 1.277325498999999951e+02
1.151804797000000047e+00 1.284058857999999930e+02
1.152364946000000057e+00 1.287916414999999972e+02
1.152902745000000007e+00 1.293101752000000033e+02
1.153500967000000044e+00 1.298242196999999862e+02
1.154089045000000091e+00 1.262802920999999969e+02
1.154625637000000093e+00 1.279662060999999937e+02
1.155169813000000101e+00 1.287543440999999973e+02
1.155731972999999968e+00 1.291908763000000135e+02
1.156307140000000011e+00 1.299855314000000135e+02
1.156860108000000054e+00 1.304842950999999971e+02
1.157415937999999977e+00 1.309019543999999939e+02
1.157976539000000082e+00 1.315395646000000056e+02
1.158565872000000052e+00 1.319430700999999999e+02
1.159099953999999988e+00 1.323259046000000012e+02
1.159660756000000070e+00 1.327512043000000119e+02
1.160264152999999965e+00 1.309981133999999940e+02
1.160798937000000031e+00 1.311257237000000089e+02
1.161344369999999904e+00 1.319468884000000060e+02
1.161916874999999960e+00 1.324728401000000133e+02
1.162459998000000105e+00 1.327094175999999948e+02
1.163038280000000091e+00 1.334550903999999889e+02
1.163612945999999981e+00 1.340019355000000019e+02
1.164180830999999916e+00 1.345384450999999899e+02
1.164702807000000062e+00 1.349228515000000073e+02
1.165298166999999996e+00 1.353912871999999936e+02
1.165862737000000093e+00 1.358195081000000073e+02
1.166424796000000041e+00 1.363917394999999999e+02
1.166958324000000102e+00 1.341117998000000000e+02
1.167511342000000063e+00 1.346651583000000016e+02
1.168099216999999967e+00 1.353175970000000063e+02
1.168638824000000076e+00 1.360632736000000023e+02
1.169224790999999986e+00 1.365175518000000068e+02
1.169788757000000068e+00 1.370210346000000072e+02
1.170330775000000045e+00 1.374946381000000031e+02
1.170890071000000088e+00 1.377617697000000021e+02
1.171500449000000055e+00 1.383465831000000037e+02
1.172024736000000011e+00 1.387056030999999905e+02
1.172588653000000036e+00 1.390262060999999960e+02
1.173179291000000068e+00 1.395600168999999937e+02
1.173721811000000059e+00 1.372865944000000127e+02
1.174252577000000075e+00 1.380381096000000127e+02
1.174841306000000030e+00 1.387885053999999911e+02
1.175407282999999969e+00 1.393602883000000077e+02
1.175916198999999995e+00 1.397049283000000059e+02
1.176495284999999891e+00 1.401583132000000091e+02
1.177116964999999960e+00 1.407943478999999911e+02
1.177672543999999988e+00 1.410558631000000105e+02
1.178176185999999959e+00 1.414836316999999895e+02
1.178765669999999988e+00 1.419958781999999928e+02
1.179348220999999919e+00 1.421785318000000018e+02
1.179892146999999891e+00 1.412719958000000133e+02
1.180429090999999930e+00 1.409783509000000095e+02
1.181031785000000056e+00 1.412165002000000129e+02
1.181579678999999938e+00 1.419716151000000082e+02
1.182123856000000028e+00 1.425604692000000000e+02
1.182687521999999936e+00 1.429048869000000082e+02
1.183282028000000041e+00 1.432389690999999914e+02
