1.000000000000000000e+00 0.000000000000000000e+00
1.000549165000000018e+00 1.982356700000000027e-02
1.001084373999999944e+00 1.411759459999999966e-01
1.001634868000000012e+00 -1.473373300000000059e-02
1.002191198000000005e+00 3.053901100000000132e-02
1.002760308000000045e+00 8.411622000000000543e-02
1.003284669999999990e+00 3.402152800000000227e-02
1.003859867999999933e+00 5.545241299999999901e-02
1.004387176000000048e+00 6.402476399999999790e-02
1.004962275000000016e+00 1.074223049999999957e-01
1.005483055000000014e+00 1.451942380000000032e-01
1.006043164999999906e+00 8.116946899999999410e-02
1.006615330000000030e+00 1.773405610000000077e-01
1.007129219999999936e+00 1.910027499999999989e-01
1.007688802000000106e+00 1.762690150000000011e-01
1.008244450999999930e+00 1.660893479999999978e-01
1.008798526999999945e+00 3.991502000000000244e-02
1.009371559999999945e+00 1.537665880000000096e-01
1.009876318999999967e+00 2.025218510000000027e-01
1.010455703000000094e+00 1.285853030000000119e-01
1.011003043999999962e+00 2.601173480000000260e-01
1.011540274999999989e+00 2.954783049999999966e-01
1.012099856999999936e+00 4.369221389999999872e-01
1.012650440000000041e+00 4.580851499999999965e-01
1.013200099000000076e+00 4.053115860000000015e-01
1.013738900999999970e+00 5.231814649999999567e-01
1.014317495000000013e+00 7.632073520000000055e-01
1.014850835000000062e+00 8.497345429999999533e-01
1.015378780000000036e+00 8.995613300000000478e-01
1.015947098999999909e+00 1.234150993000000085e+00
1.016511109999999940e+00 1.343716386000000096e+00
1.017058352000000054e+00 1.408276925000000013e+00
1.017575440000000109e+00 1.629550813000000042e+00
1.018175395999999955e+00 1.932529914000000071e+00
1.018722209000000101e+00 2.110674138999999894e+00
1.019233153999999919e+00 2.541434902999999856e+00
1.019799614999999937e+00 2.948889555000000051e+00
1.020350834999999901e+00 3.162126858000000151e+00
1.020873922999999905e+00 3.420904790999999889e+00
1.021449462000000086e+00 4.025255711999999875e+00
1.022014495000000078e+00 4.417172970000000198e+00
1.022557670000000085e+00 4.911155038000000417e+00
1.023086253000000001e+00 5.353166723000000182e+00
1.023650933999999957e+00 5.691506947999999788e+00
1.024222165000000073e+00 6.352649869000000393e+00
1.024741308000000073e+00 6.884939306999999786e+00
1.025304033000000059e+00 7.124697059999999915e+00
1.025849956000000063e+00 7.951125824000000009e+00
1.026385813000000091e+00 8.412961329999999904e+00
1.026942440000000012e+00 9.040618409000000355e+00
1.027534396000000072e+00 9.742479532000000830e+00
1.028049076999999922e+00 1.029405706000000009e+01
1.028575197999999968e+00 1.087938785000000053e+01
1.029143966999999993e+00 1.155553257000000045e+01
1.029743483999999931e+00 1.232409750999999964e+01
1.030232714000000049e+00 1.282986649999999962e+01
1.030804923000000040e+00 1.351404716999999955e+01
1.031357274999999962e+00 1.415456267999999973e+01
1.031897406999999989e+00 1.482829616000000073e+01
1.032455021999999945e+00 1.561722065999999920e+01
1.033005165000000058e+00 1.625586111000000145e+01
1.033531143000000041e+00 1.690334155000000038e+01
1.034090527000000037e+00 1.757868222999999830e+01
1.034648044000000100e+00 1.832179817999999827e+01
1.035219077000000043e+00 1.905928851999999907e+01
1.035740330000000098e+00 1.960175772999999921e+01
1.036276779999999897e+00 2.034969526000000073e+01
1.036841263999999985e+00 2.108691772999999969e+01
1.037412044000000089e+00 2.197174559999999843e+01
1.037936747000000048e+00 2.263503143999999878e+01
1.038514010999999959e+00 2.338136177999999887e+01
1.039066516000000107e+00 2.396615684000000002e+01
1.039583901000000088e+00 2.466426785000000166e+01
1.040130559999999926e+00 2.528522784999999828e+01
1.040698396000000026e+00 2.607442020999999954e+01
1.041279483999999922e+00 2.676851278999999906e+01
1.041799131999999961e+00 2.757458199999999948e+01
1.042356308000000009e+00 2.831930515000000170e+01
1.042906989000000006e+00 2.891106560000000059e+01
1.043459055000000024e+00 2.963596537000000097e+01
1.044011757999999901e+00 3.042515728000000053e+01
1.044563769000000031e+00 3.089288627000000176e+01
1.045100845999999972e+00 3.161966110999999913e+01
1.045641175999999950e+00 3.239090515000000181e+01
1.046189352000000072e+00 3.319831368999999910e+01
1.046749724999999964e+00 3.379275279000000154e+01
1.047289901000000079e+00 3.458515998000000025e+01
1.047854242000000102e+00 3.523156896999999788e+01
1.048402175999999963e+00 3.582895459000000216e+01
1.048932725000000010e+00 3.659805570999999702e+01
1.049514757999999937e+00 3.727714650000000063e+01
1.050069275000000024e+00 3.791792987000000181e+01
1.050606890000000071e+00 3.865542021000000261e+01
1.051135625999999990e+00 3.930745481000000296e+01
1.051701978000000093e+00 4.013174020999999669e+01
1.052253209000000078e+00 4.091798605000000322e+01
1.052785824000000092e+00 4.142723727999999994e+01
1.053346681000000062e+00 4.220678560000000346e+01
1.053893087999999922e+00 4.284622963999999712e+01
1.054442944999999909e+00 4.359068493000000188e+01
1.054991570999999961e+00 4.421566289999999810e+01
1.055548549000000058e+00 4.509459504000000152e+01
1.056103945000000044e+00 4.572198829999999958e+01
1.056659110000000013e+00 4.633169615999999991e+01
1.057218296999999918e+00 4.708258155000000045e+01
1.057726495000000044e+00 4.774720626999999951e+01
1.058297274999999926e+00 4.839120178000000294e+01
1.058854691999999931e+00 4.919593436000000253e+01
1.059411472999999937e+00 4.981823099000000354e+01
1.059952033000000071e+00 5.051366469999999964e+01
1.060515791000000041e+00 5.136875684000000319e+01
1.061064264000000090e+00 5.198917930999999726e+01
1.061588033000000042e+00 5.266961076999999847e+01
1.062137890000000029e+00 5.341031638999999842e+01
1.062711713999999974e+00 5.417646919999999966e+01
1.063253363000000062e+00 5.485690066000000087e+01
1.063799241999999978e+00 5.554027594000000079e+01
1.064357044000000085e+00 5.618668492999999842e+01
1.064900022000000002e+00 5.688372762000000193e+01
1.065422263999999952e+00 5.772676581999999712e+01
1.065998352000000038e+00 5.814573661000000016e+01
1.066559110000000032e+00 5.894403772999999802e+01
1.067084308000000092e+00 5.968581301999999766e+01
1.067653900999999905e+00 6.036061750999999731e+01
1.068204549000000059e+00 6.098908043000000134e+01
1.068749780000000094e+00 6.168103098999999645e+01
1.069290198000000025e+00 6.232100851999999946e+01
1.069872088000000110e+00 6.306814560000000114e+01
1.070416824000000044e+00 6.372767817999999806e+01
1.070948747000000090e+00 6.441909391000000085e+01
1.071496495000000104e+00 6.502210515000000157e+01
1.072067274999999986e+00 6.577512987000000066e+01
1.072576790999999918e+00 6.623964671999999609e+01
1.073122418000000078e+00 6.701437481000000673e+01
1.073705230999999927e+00 6.768328268000000492e+01
1.074240593000000077e+00 6.842077480999999750e+01
1.074771439999999911e+00 6.890323773000000074e+01
1.075365845999999959e+00 6.987271638999999368e+01
1.075884110000000060e+00 7.028927817999999661e+01
1.076446000000000014e+00 7.094533212000000333e+01
1.076980384999999929e+00 7.179185345999999868e+01
1.077567472999999998e+00 7.222984447999999702e+01
1.078097768999999984e+00 7.279481975999999577e+01
1.078603900999999921e+00 7.355213211999999601e+01
1.079206461999999922e+00 7.418246919999999989e+01
1.079723505000000028e+00 7.479806920000000048e+01
1.080293890000000090e+00 7.541822650000000294e+01
1.080832001999999958e+00 7.604159728000000484e+01
1.081413640000000065e+00 7.666309391000000062e+01
1.081923602999999900e+00 7.737915234000000453e+01
1.082474782000000024e+00 7.802904447999999604e+01
1.083051113000000010e+00 7.849944897000000310e+01
1.083590257000000001e+00 7.919729615999999339e+01
1.084138931000000028e+00 7.971217257000000700e+01
1.084694826000000001e+00 8.032589840999999353e+01
1.085252636999999964e+00 8.116545345999999483e+01
1.085779204000000053e+00 8.157290964000000599e+01
1.086313534000000081e+00 8.227610964000000138e+01
1.086899641000000027e+00 8.293564222999999913e+01
1.087440897000000017e+00 8.338274785000000122e+01
1.087978174000000076e+00 8.393753886000000364e+01
1.088559172999999936e+00 8.466726020999999491e+01
1.089089621000000063e+00 8.526598380000000077e+01
1.089627142999999965e+00 8.572326470000000143e+01
1.090198709000000044e+00 8.636539054000000704e+01
1.090757454000000015e+00 8.696706245000000024e+01
1.091273606999999979e+00 8.741925122000000670e+01
1.091841292000000019e+00 8.804074785000000247e+01
1.092391880999999954e+00 8.868072986999999330e+01
1.092939721000000031e+00 8.906996581999999307e+01
1.093466043000000054e+00 8.963172312999999747e+01
1.094017320000000071e+00 9.030331413999999768e+01
1.094590949000000091e+00 9.081551188999999624e+01
1.095137462000000061e+00 9.145067143999999359e+01
1.095676507999999938e+00 9.183669390999999393e+01
1.096231420000000067e+00 9.245926020999999650e+01
1.096790753999999923e+00 9.305048716999999669e+01
1.097314963999999948e+00 9.369743099000000086e+01
1.097871153999999905e+00 9.400549841000000129e+01
1.098434123000000096e+00 9.459645571000000075e+01
1.098973315000000062e+00 9.502587594000000593e+01
1.099534122999999974e+00 9.569961077000000671e+01
1.100103822999999981e+00 9.616787594000000183e+01
1.100633484999999911e+00 9.668489615999999387e+01
1.101165898999999948e+00 9.724075684000000308e+01
1.101734468000000078e+00 9.770795234000000562e+01
1.102271892000000086e+00 9.837364671999999644e+01
1.102829261999999977e+00 9.864582199999999546e+01
1.103370664999999917e+00 9.931660852000000261e+01
1.103908826000000065e+00 9.969727369000000294e+01
1.104488300999999950e+00 1.002025052000000045e+02
1.105032012999999980e+00 1.007238130000000069e+02
1.105560496999999920e+00 1.013300377000000054e+02
1.106116588999999983e+00 1.017066848999999991e+02
1.106693165999999895e+00 1.021904872000000069e+02
1.107227200000000078e+00 1.026233950000000021e+02
1.107758435000000041e+00 1.030771928000000059e+02
1.108325972999999909e+00 1.035765320999999943e+02
1.108878526999999892e+00 1.039778265000000061e+02
1.109421747999999930e+00 1.044755568000000068e+02
1.109979067999999902e+00 1.049786490000000043e+02
1.110546113999999918e+00 1.054514668999999998e+02
1.111063544999999930e+00 1.057338175000000007e+02
1.111616297000000086e+00 1.062320871999999952e+02
1.112171159999999936e+00 1.066960646999999938e+02
1.112718556999999997e+00 1.070646758999999975e+02
1.113269687000000063e+00 1.075883927999999941e+02
1.113819295000000098e+00 1.079591477999999967e+02
1.114376515000000012e+00 1.083140961999999945e+02
1.114901855000000053e+00 1.087783433999999971e+02
1.115483884999999953e+00 1.092273186000000038e+02
1.116036390000000100e+00 1.095830713999999944e+02
1.116554558000000030e+00 1.099945455999999950e+02
1.117112762000000092e+00 1.103752108000000050e+02
1.117668509999999893e+00 1.107111388999999946e+02
1.118232657999999935e+00 1.114408602000000030e+02
1.118736136999999964e+00 1.117266984000000036e+02
1.119320918000000109e+00 1.120119973000000044e+02
1.119858932000000085e+00 1.124955298999999940e+02
1.120370270000000001e+00 1.128855702999999977e+02
1.120959865000000111e+00 1.131365815999999995e+02
1.121533740000000057e+00 1.135338579999999951e+02
1.122073620999999966e+00 1.140382848999999936e+02
1.122613354000000063e+00 1.144007344000000046e+02
1.123169789000000085e+00 1.148633726000000053e+02
1.123709964999999977e+00 1.151098309999999998e+02
1.124266055999999958e+00 1.154034309999999977e+02
1.124791101000000015e+00 1.158237455999999952e+02
1.125401475999999956e+00 1.163576422000000008e+02
1.125873415999999905e+00 1.165679343999999986e+02
1.126467531000000077e+00 1.170552198000000033e+02
1.127031040999999956e+00 1.174787477999999936e+02
1.127577308000000000e+00 1.176025096000000048e+02
1.128094933999999938e+00 1.180758624999999995e+02
1.128671953000000006e+00 1.184501006999999930e+02
1.129217434000000075e+00 1.186263703000000049e+02
1.129736682000000103e+00 1.188701456000000007e+02
1.130289432999999955e+00 1.188433591000000007e+02
1.130877161999999991e+00 1.188173725999999988e+02
1.131406233999999955e+00 1.186027973000000060e+02
1.131950978000000108e+00 1.189130085000000037e+02
1.132520776000000007e+00 1.191412466999999964e+02
1.133034965000000005e+00 1.193812736999999942e+02
1.133623577000000049e+00 1.196917500999999930e+02
1.134142530000000093e+00 1.198878444999999999e+02
1.134721513999999987e+00 1.203901321000000024e+02
1.135241056999999998e+00 1.207442759000000052e+02
1.135798327000000052e+00 1.208704512000000051e+02
1.136367831000000050e+00 1.214525680999999935e+02
1.136901079000000037e+00 1.216467837999999944e+02
1.137470090000000100e+00 1.220145904999999971e+02
1.138025740000000008e+00 1.224557994999999977e+02
1.138559037000000052e+00 1.227566355000000016e+02
1.139110512000000019e+00 1.231064961999999952e+02
1.139643466000000105e+00 1.234761771000000010e+02
1.140208448999999957e+00 1.236682535000000058e+02
1.140754765000000059e+00 1.239321185999999955e+02
1.141297592999999999e+00 1.244290490000000062e+02
1.141875643999999967e+00 1.246315703000000070e+02
1.142406779999999955e+00 1.250942084999999935e+02
1.142949951999999936e+00 1.254542490000000043e+02
1.143506584000000048e+00 1.257762490000000071e+02
1.144040715999999902e+00 1.259645725999999968e+02
1.144613166999999931e+00 1.264181051999999994e+02
1.145136689000000096e+00 1.266503613000000001e+02
1.145703292999999956e+00 1.269643209000000041e+02
1.146255062999999907e+00 1.273246309999999966e+02
1.146803833999999966e+00 1.276059118999999953e+02
1.147361743999999906e+00 1.278054848999999962e+02
1.147896760000000071e+00 1.282783028999999999e+02
1.148435807000000031e+00 1.282975927999999897e+02
1.148991700999999921e+00 1.287109411000000136e+02
1.149533104000000083e+00 1.290757994999999880e+02
1.150092635000000030e+00 1.292643927999999960e+02
1.150656389999999973e+00 1.296072872000000018e+02
1.151204915999999967e+00 1.300217052000000137e+02
1.151744306999999967e+00 1.301693095999999912e+02
1.152290720999999962e+00 1.303822804000000133e+02
1.152846567000000100e+00 1.307760737000000120e+02
1.153376916000000030e+00 1.309919883000000027e+02
1.153973732999999946e+00 1.312612153000000035e+02
1.154487822999999969e+00 1.315347254000000135e+02
1.155030258000000032e+00 1.317088511999999980e+02
1.155589199000000011e+00 1.320830894000000058e+02
1.156136792000000080e+00 1.324066938999999934e+02
1.156679521999999904e+00 1.323828556999999932e+02
1.157222498000000099e+00 1.327161051999999870e+02
1.157796225000000012e+00 1.330651612999999998e+02
1.158328884999999975e+00 1.333512602000000129e+02
1.158882224999999933e+00 1.336239702999999963e+02
1.159443425000000083e+00 1.338505994999999871e+02
1.160012191000000081e+00 1.342076916999999980e+02
1.160546274999999961e+00 1.343378849000000059e+02
1.161074021999999983e+00 1.344418264999999906e+02
1.161641855000000056e+00 1.349575073999999972e+02
1.162195440999999940e+00 1.349411657999999932e+02
1.162710563000000086e+00 1.353813006999999971e+02
1.163276036999999929e+00 1.356427568000000008e+02
1.163846571000000107e+00 1.358621591000000137e+02
1.164374269000000073e+00 1.360678939000000014e+02
1.164919307999999987e+00 1.362669320999999911e+02
1.165499225000000028e+00 1.365377680999999939e+02
1.166039891000000051e+00 1.367236781999999948e+02
1.166551329000000026e+00 1.369272737000000006e+02
1.167141218999999897e+00 1.371991748000000086e+02
1.167683309999999919e+00 1.373917859999999962e+02
1.168216115999999971e+00 1.376481545999999980e+02
1.168789547999999900e+00 1.378265681000000029e+02
1.169341857999999901e+00 1.382533095999999944e+02
1.169867640000000097e+00 1.383923433999999872e+02
1.170412433000000085e+00 1.385753095999999971e+02
1.170974124000000005e+00 1.387703299000000072e+02
1.171541809999999906e+00 1.390915253999999948e+02
1.172055604999999945e+00 1.393036917000000017e+02
1.172592979999999896e+00 1.394025411000000076e+02
1.173177907999999992e+00 1.397207883000000095e+02
1.173747115999999924e+00 1.399372421999999858e+02
1.174252166999999902e+00 1.400971657999999991e+02
1.174841516000000086e+00 1.403661275999999987e+02
1.175392892000000078e+00 1.403004917000000091e+02
1.175920048999999912e+00 1.407655434000000128e+02
1.176463320000000090e+00 1.409720826999999872e+02
1.177022113000000036e+00 1.410998668999999950e+02
1.177568624999999924e+00 1.413077456000000041e+02
1.178125553000000103e+00 1.415311613000000079e+02
1.178679237000000102e+00 1.419021860000000004e+02
1.179230318000000111e+00 1.420623793000000035e+02
1.179758458000000010e+00 1.419731748000000096e+02
1.180314451000000098e+00 1.423875927999999931e+02
1.180874275999999945e+00 1.425022490000000062e+02
1.181399223000000109e+00 1.426841455999999937e+02
1.181966121999999952e+00 1.429790849000000037e+02
1.182526487999999931e+00 1.431266894000000036e+02
1.183053939999999971e+00 1.434971792999999991e+02
1.183591609999999905e+00 1.433825230999999860e+02
1.184160915999999952e+00 1.436999658000000011e+02
1.184730958999999917e+00 1.438304286999999988e+02
1.185265387000000059e+00 1.439753546000000028e+02
1.185805463999999976e+00 1.441055478000000107e+02
1.186366763000000102e+00 1.443169096000000025e+02
1.186901337999999972e+00 1.444722849000000053e+02
1.187447947999999975e+00 1.446935568000000103e+02
1.188012244000000051e+00 1.446718579999999861e+02
1.188562048000000093e+00 1.449493860000000041e+02
1.189118482999999893e+00 1.451829859999999996e+02
1.189656497000000090e+00 1.453236243000000059e+02
1.190232632000000068e+00 1.453865771000000109e+02
1.190749915000000048e+00 1.456528557000000035e+02
1.191325557999999951e+00 1.456721455999999932e+02
1.191843234999999890e+00 1.457455434000000025e+02
1.192404435000000040e+00 1.459143119000000013e+02
1.192969664000000041e+00 1.460538803999999971e+02
1.193508463999999991e+00 1.461171028999999919e+02
1.194062688999999899e+00 1.463777546000000029e+02
1.194590779000000103e+00 1.462952467000000070e+02
1.195141271000000005e+00 1.465331299000000058e+02
1.195717799000000081e+00 1.467428872000000126e+02
1.196225257000000042e+00 1.465950129999999945e+02
1.196773684999999920e+00 1.468253949999999861e+02
1.197348738999999940e+00 1.468138758999999993e+02
1.197905224000000102e+00 1.468813815999999974e+02
1.198435573999999892e+00 1.469705859999999973e+02
1.198996970999999911e+00 1.470260422000000062e+02
1.199552965000000082e+00 1.468452153000000067e+02
1.200101491000000076e+00 1.469890714000000003e+02
