1.000000000000000000e+00 0.000000000000000000e+00
1.000596373999999900e+00 1.089887660000000008e-01
1.001114988999999955e+00 2.600354399999999996e-02
1.001665186999999957e+00 6.715697900000000553e-02
1.002205164999999898e+00 3.685719700000000126e-02
1.002777363000000088e+00 2.130029420000000007e-01
1.003296857000000042e+00 4.047508100000000303e-02
1.003871967000000032e+00 8.140239999999999976e-02
1.004432231000000009e+00 9.135158000000000167e-02
1.004958307999999967e+00 1.661965600000000001e-02
1.005494450999999900e+00 2.557392019999999988e-01
1.006084538000000084e+00 2.080283519999999997e-01
1.006613911999999944e+00 3.143037099999999862e-02
1.007150098999999965e+00 1.879038680000000017e-01
1.007722164999999892e+00 3.143037049999999888e-01
1.008260812999999922e+00 2.830994519999999737e-01
1.008825252999999922e+00 3.509347820000000007e-01
1.009373198000000027e+00 4.567579119999999882e-01
1.009910373999999944e+00 4.298498689999999955e-01
1.010475604000000027e+00 6.396871610000000041e-01
1.011012779999999944e+00 6.634295359999999864e-01
1.011571824000000008e+00 8.063359850000000328e-01
1.012131791000000058e+00 9.234649679999999972e-01
1.012666175999999973e+00 1.000797251999999915e+00
1.013237297000000092e+00 1.244552222000000041e+00
1.013766219999999940e+00 1.475644595999999975e+00
1.014324374000000084e+00 1.619681584000000063e+00
1.014856495000000081e+00 1.841955369999999981e+00
1.015435571000000037e+00 2.235626424999999973e+00
1.015978945000000078e+00 2.601711099000000083e+00
1.016500603999999974e+00 2.757054005000000085e+00
1.017079384999999947e+00 3.203862729999999992e+00
1.017623055000000054e+00 3.699286744000000127e+00
1.018166176000000034e+00 3.765539246999999978e+00
1.018736856999999940e+00 4.335129800999999894e+00
1.019264010999999970e+00 4.728348693000000047e+00
1.019818582000000085e+00 5.074082759999999581e+00
1.020379978000000021e+00 5.650457191000000101e+00
1.020918285999999897e+00 6.208967813000000113e+00
1.021463967000000084e+00 6.530281167000000053e+00
1.022006296999999897e+00 7.232603246000000041e+00
1.022577966999999921e+00 7.747473123999999878e+00
1.023125022000000106e+00 8.271614247000000475e+00
1.023663175999999897e+00 8.990216674999999213e+00
1.024208022000000051e+00 9.634652184000000119e+00
1.024765484000000004e+00 1.025037069999999950e+01
1.025329439999999925e+00 1.085862752999999969e+01
1.025859647999999957e+00 1.165818025999999996e+01
1.026430374000000034e+00 1.229447539999999961e+01
1.026969175999999928e+00 1.302031340999999998e+01
1.027504680999999920e+00 1.378549626999999944e+01
1.028080912000000069e+00 1.447470301999999975e+01
1.028613473000000056e+00 1.524689535999999990e+01
1.029151098999999903e+00 1.611428306000000177e+01
1.029715691999999905e+00 1.675442229000000083e+01
1.030265978000000082e+00 1.765301446999999868e+01
1.030808516000000008e+00 1.835058769000000112e+01
1.031372560000000105e+00 1.906873792000000023e+01
1.031926791000000065e+00 2.007111804000000177e+01
1.032468340999999956e+00 2.086343443000000164e+01
1.033015977999999890e+00 2.154563208000000074e+01
1.033572021999999979e+00 2.247000119999999868e+01
1.034129636999999935e+00 2.335660932000000045e+01
1.034652625999999964e+00 2.411342532000000105e+01
1.035226154000000065e+00 2.500206834000000100e+01
1.035778901000000030e+00 2.580455999999999861e+01
1.036310429000000033e+00 2.650032441000000105e+01
1.036854396000000067e+00 2.745748109000000170e+01
1.037424526999999985e+00 2.833481796999999958e+01
1.037989121000000070e+00 2.895822464000000096e+01
1.038499330000000054e+00 2.988440332000000055e+01
1.039071483999999934e+00 3.078367343000000034e+01
1.039632198000000063e+00 3.150137146000000143e+01
1.040150219999999903e+00 3.236921136000000132e+01
1.040730286000000060e+00 3.326441167000000121e+01
1.041266087999999979e+00 3.403773450999999994e+01
1.041829890000000036e+00 3.501772881000000126e+01
1.042361614999999908e+00 3.586747957000000042e+01
1.042938098999999896e+00 3.658427282000000247e+01
1.043479548999999951e+00 3.739467874000000336e+01
1.043992110000000029e+00 3.844047463999999792e+01
1.044590702999999898e+00 3.916585779999999772e+01
1.045119922999999895e+00 4.013138132000000269e+01
1.045640198000000076e+00 4.088322501999999758e+01
1.046214758000000078e+00 4.169182138000000037e+01
1.046793351999999899e+00 4.261913169999999695e+01
1.047323406999999929e+00 4.350099057999999985e+01
1.047860637000000095e+00 4.422976522999999816e+01
1.048432741999999918e+00 4.523599057999999928e+01
1.048977486000000070e+00 4.615131682999999896e+01
1.049501940999999938e+00 4.688031910000000124e+01
1.050085689999999961e+00 4.779835779999999801e+01
1.050627044000000065e+00 4.872317950000000053e+01
1.051176552999999902e+00 4.935857023999999882e+01
1.051717022999999918e+00 5.027638131999999871e+01
1.052281515000000001e+00 5.130182517000000075e+01
1.052807738000000048e+00 5.194874853999999686e+01
1.053343590999999968e+00 5.293190863000000235e+01
1.053901057999999891e+00 5.382258768999999887e+01
1.054491389999999917e+00 5.475735628000000332e+01
1.055025080999999920e+00 5.549133580000000165e+01
1.055568990000000040e+00 5.638043291000000323e+01
1.056132400999999943e+00 5.702554672000000124e+01
1.056672575999999975e+00 5.803448450999999864e+01
1.057208772999999935e+00 5.903573260999999661e+01
1.057788052000000034e+00 5.980475764999999910e+01
1.058354312000000075e+00 6.076643821999999773e+01
1.058877636999999927e+00 6.154044050000000254e+01
1.059418991000000032e+00 6.235989041999999927e+01
1.059980289999999936e+00 6.332676827000000230e+01
1.060510934999999932e+00 6.425430620000000204e+01
1.061057005000000109e+00 6.483949588999999492e+01
1.061621251999999904e+00 6.588077054000000032e+01
1.062164031000000008e+00 6.670429102999999316e+01
1.062683672999999995e+00 6.745839193999999850e+01
1.063258480000000006e+00 6.835834262000000194e+01
1.063832354999999952e+00 6.924766356000000656e+01
1.064357498999999985e+00 7.007615748999999994e+01
1.064929556000000055e+00 7.097361956000000305e+01
1.065484958999999954e+00 7.186452244000000178e+01
1.066014081999999918e+00 7.260574019999999962e+01
1.066554454000000041e+00 7.347877889000000096e+01
1.067106861999999934e+00 7.425730317000000014e+01
1.067673810000000056e+00 7.512129785999999854e+01
1.068205829999999912e+00 7.598416584000000285e+01
1.068770124999999904e+00 7.706681758999999943e+01
1.069312610000000108e+00 7.755816812000000482e+01
1.069883635000000055e+00 7.851736006999999518e+01
1.070426217999999929e+00 7.938045187999999541e+01
1.070962315000000054e+00 8.003076674999999796e+01
1.071507648999999951e+00 8.096802395999999646e+01
1.072058434999999976e+00 8.171783048000000349e+01
1.072611039999999960e+00 8.252778496000000530e+01
1.073162758000000050e+00 8.342592607999999643e+01
1.073720618999999932e+00 8.425487524999999778e+01
1.074263938000000085e+00 8.506844504999999401e+01
1.074809566000000105e+00 8.570338434999999322e+01
1.075357700000000083e+00 8.665149513000000070e+01
1.075930642000000104e+00 8.734907099999999502e+01
1.076482409999999890e+00 8.819746250000000032e+01
1.077028971000000057e+00 8.900809603999999808e+01
1.077570522000000031e+00 8.960753458000000649e+01
1.078112318999999930e+00 9.040821742999999344e+01
1.078658241999999934e+00 9.134118026000000157e+01
1.079227155000000105e+00 9.205073640000000523e+01
1.079755392999999897e+00 9.278335780000000454e+01
1.080314578999999942e+00 9.351281530999999347e+01
1.080874748000000052e+00 9.435329330999999797e+01
1.081417134000000058e+00 9.506805051000000617e+01
1.081953723999999895e+00 9.584069467000000486e+01
1.082507998000000082e+00 9.651656341000000339e+01
1.083067822999999930e+00 9.739209073000000672e+01
1.083619590999999938e+00 9.823234490000000108e+01
1.084149352999999927e+00 9.875671135999999706e+01
1.084697290000000036e+00 9.966321743000000311e+01
1.085284034999999925e+00 1.003583047000000050e+02
1.085806033999999975e+00 1.009808046999999931e+02
1.086351859000000086e+00 1.017217947999999978e+02
1.086906968000000084e+00 1.026427697999999964e+02
1.087471754999999929e+00 1.031485968000000071e+02
1.088013699000000001e+00 1.039393290000000007e+02
1.088576814999999920e+00 1.047282553999999948e+02
1.089122786999999981e+00 1.053980164000000030e+02
1.089640708999999985e+00 1.061010171000000071e+02
1.090202499000000103e+00 1.069426255999999995e+02
1.090771903000000043e+00 1.076010816000000005e+02
1.091293263999999930e+00 1.082941316999999941e+02
1.091843853999999947e+00 1.089905770999999959e+02
1.092395081999999906e+00 1.096325231999999943e+02
1.092977848000000085e+00 1.104323032000000069e+02
1.093480886000000041e+00 1.110353570000000047e+02
1.094033293000000073e+00 1.116447462999999942e+02
1.094610901000000025e+00 1.123850534999999979e+02
1.095162768000000009e+00 1.131823449000000039e+02
1.095672240999999936e+00 1.137329442999999998e+02
1.096275147999999922e+00 1.144223752000000047e+02
1.096809869999999965e+00 1.151432401999999939e+02
1.097325139999999921e+00 1.154842265000000054e+02
1.097907906999999961e+00 1.159778419000000014e+02
1.098455941999999963e+00 1.163228950000000026e+02
1.099004566000000072e+00 1.165252698000000038e+02
1.099561001999999954e+00 1.170894351999999969e+02
1.100125100999999939e+00 1.178080391000000020e+02
1.100641744999999894e+00 1.183371513999999962e+02
1.101207022999999952e+00 1.189411158000000057e+02
1.101782076999999971e+00 1.195855504999999965e+02
1.102310217999999953e+00 1.201334336999999977e+02
1.102856827000000095e+00 1.206901332000000053e+02
1.103402602999999926e+00 1.215344579000000067e+02
1.103957711999999924e+00 1.220823410999999936e+02
1.104490814000000043e+00 1.226465065000000010e+02
1.105044597000000017e+00 1.233915633999999955e+02
1.105610168999999976e+00 1.238881188000000009e+02
1.106160562999999986e+00 1.246365672000000018e+02
1.106689291999999991e+00 1.251986954000000054e+02
1.107261594999999987e+00 1.257911270999999971e+02
1.107795481999999998e+00 1.264063926999999978e+02
1.108340963000000068e+00 1.270347727999999989e+02
1.108899413000000056e+00 1.276127318000000059e+02
1.109455062999999964e+00 1.283243214000000023e+02
1.110008550999999954e+00 1.287360854000000074e+02
1.110556340000000031e+00 1.293560967999999889e+02
1.111105111999999950e+00 1.299562143999999932e+02
1.111660810999999915e+00 1.305294237999999893e+02
1.112200544000000013e+00 1.310230391000000054e+02
1.112733546999999934e+00 1.318483692000000076e+02
1.113304572999999964e+00 1.322913320000000112e+02
1.113839344000000064e+00 1.327297766000000081e+02
1.114395336999999930e+00 1.334863660999999979e+02
1.114963908000000004e+00 1.340326674000000082e+02
1.115501577000000077e+00 1.345346475999999996e+02
1.116027654000000036e+00 1.351383806000000050e+02
1.116597942999999926e+00 1.357249322000000120e+02
1.117161107999999903e+00 1.362185474999999997e+02
1.117679815000000021e+00 1.366264648000000079e+02
1.118238757000000083e+00 1.373027811999999983e+02
1.118804083999999976e+00 1.377853153000000077e+02
1.119364301999999922e+00 1.383919921000000102e+02
1.119893570999999977e+00 1.390226332000000014e+02
1.120458259999999928e+00 1.394092947999999978e+02
1.121003986999999924e+00 1.400222994000000085e+02
1.121538611000000074e+00 1.405070944999999938e+02
1.122092295999999934e+00 1.408980543000000125e+02
1.122621418000000038e+00 1.414775952999999902e+02
1.123194653999999959e+00 1.420835892000000058e+02
1.123734141999999991e+00 1.425324321999999881e+02
1.124308311000000060e+00 1.428912827000000050e+02
1.124826380000000015e+00 1.434161005999999929e+02
1.125380948999999964e+00 1.437290481999999940e+02
1.125947945999999922e+00 1.443648904000000073e+02
1.126481244000000048e+00 1.447508730000000128e+02
1.127058362000000091e+00 1.449921438000000080e+02
1.127599567999999941e+00 1.456117037999999866e+02
1.128119454999999993e+00 1.460189420000000098e+02
1.128700896000000009e+00 1.463427432000000010e+02
1.129233259000000045e+00 1.468725383999999963e+02
1.129788368999999904e+00 1.472723145999999872e+02
1.130323680999999914e+00 1.475368707000000086e+02
1.130893624999999902e+00 1.479782553999999948e+02
1.131441021999999963e+00 1.485107629999999972e+02
1.131973780000000041e+00 1.488081074000000115e+02
1.132535864999999919e+00 1.492671248999999989e+02
1.133079823000000097e+00 1.497849358999999936e+02
1.133620537999999955e+00 1.501648107999999979e+02
1.134149070999999953e+00 1.507151824999999974e+02
1.134740483999999938e+00 1.513105505000000051e+02
1.135288174999999899e+00 1.515649321999999870e+02
1.135817199000000111e+00 1.520244048000000134e+02
1.136358208999999952e+00 1.525894730999999922e+02
1.136941269999999893e+00 1.530387713000000076e+02
1.137477958000000067e+00 1.535077393999999913e+02
1.138025698999999946e+00 1.539534146999999962e+02
1.138582184000000108e+00 1.543317113999999890e+02
1.139133018999999969e+00 1.548094959000000017e+02
1.139664055999999981e+00 1.551943516999999986e+02
1.140222998000000043e+00 1.555773941999999863e+02
1.140815195999999920e+00 1.560597045000000094e+02
1.141295978999999905e+00 1.565404291000000114e+02
1.141882969999999942e+00 1.569359109000000103e+02
1.142424668999999948e+00 1.575007516000000010e+02
1.142974914000000064e+00 1.578758805999999879e+02
1.143511012000000049e+00 1.581775231999999960e+02
1.144078992000000072e+00 1.586609602000000052e+02
1.144634986000000021e+00 1.592038699000000008e+02
1.145162879999999994e+00 1.594849359000000106e+02
1.145719904999999983e+00 1.600357592000000011e+02
1.146294860000000027e+00 1.604099814999999865e+02
1.146820986999999903e+00 1.606842645000000118e+02
1.147345000000000059e+00 1.611464496000000111e+02
1.147949676000000085e+00 1.616405163999999957e+02
1.148459394000000078e+00 1.619625080000000139e+02
1.149004383000000074e+00 1.623697463000000027e+02
1.149577422999999987e+00 1.628572538999999892e+02
1.150127864999999971e+00 1.631699777000000040e+02
1.150680715000000021e+00 1.635360627000000022e+02
1.151211556000000025e+00 1.640434678000000019e+02
1.151774869000000034e+00 1.643134526000000051e+02
1.152315782000000066e+00 1.647546097000000032e+02
1.152863031000000094e+00 1.653183199000000059e+02
1.153417010000000076e+00 1.655421780000000069e+02
1.153978358000000037e+00 1.659853683999999987e+02
1.154514505000000080e+00 1.663329101999999864e+02
1.155052666000000006e+00 1.666693745000000035e+02
1.155620941000000013e+00 1.670750308000000075e+02
1.156153011000000008e+00 1.673879784000000086e+02
1.156710380000000038e+00 1.677246666000000062e+02
1.157273594999999933e+00 1.683306604999999934e+02
1.157797705999999982e+00 1.685983843999999863e+02
1.158360478999999943e+00 1.690185132999999951e+02
1.158895937999999903e+00 1.693866317000000095e+02
1.159457041000000022e+00 1.697760057000000131e+02
1.159996331999999963e+00 1.700837522999999862e+02
1.160569519000000049e+00 1.705233273999999994e+02
1.161131603999999928e+00 1.709077281000000141e+02
1.161665884000000037e+00 1.710594504000000029e+02
1.162195252000000067e+00 1.715930884999999932e+02
1.162735524999999992e+00 1.720708768000000077e+02
1.163322173000000070e+00 1.722825232000000142e+02
1.163865589999999894e+00 1.726917947999999967e+02
1.164390046000000067e+00 1.731571476000000018e+02
1.164945743999999950e+00 1.734642152000000124e+02
1.165521092999999953e+00 1.737400762999999984e+02
1.166040144999999972e+00 1.742192226999999889e+02
1.166616279000000089e+00 1.744485056999999983e+02
1.167158616000000038e+00 1.749925422000000026e+02
1.167713725000000036e+00 1.752659184999999979e+02
1.168277774999999963e+00 1.755221134999999890e+02
1.168812154000000048e+00 1.758967872000000057e+02
1.169353901000000029e+00 1.763528684000000055e+02
1.169914314999999982e+00 1.766289572000000021e+02
1.170456849000000021e+00 1.769527583999999933e+02
1.171001248999999911e+00 1.772919352000000117e+02
1.171542209999999917e+00 1.775573980000000063e+02
1.172109403999999966e+00 1.779768478999999957e+02
1.172639361999999963e+00 1.784005922000000055e+02
1.173196533999999902e+00 1.786373373000000129e+02
1.173769623000000095e+00 1.789848790000000065e+02
1.174287692000000050e+00 1.794522651999999994e+02
1.174856555999999941e+00 1.796684337000000085e+02
1.175406458000000098e+00 1.800856187999999918e+02
1.175934057000000088e+00 1.804087446999999997e+02
1.176515398999999906e+00 1.807680429000000117e+02
1.177036318000000081e+00 1.811585512999999992e+02
1.177601644999999975e+00 1.815445338000000106e+02
1.178138676000000107e+00 1.816860815999999943e+02
1.178706164999999917e+00 1.820734223000000043e+02
1.179251744000000102e+00 1.824037788999999918e+02
1.179789266000000003e+00 1.826739913000000115e+02
1.180354101999999905e+00 1.831339155000000005e+02
1.180889266999999965e+00 1.835006756999999880e+02
1.181421582000000026e+00 1.835963243999999861e+02
1.181983175999999913e+00 1.840381605000000036e+02
1.182549486000000094e+00 1.844521818000000053e+02
1.183097030000000105e+00 1.847085968000000094e+02
1.183627280999999920e+00 1.850898334999999975e+02
1.184185926999999916e+00 1.854590823999999998e+02
1.184759410000000068e+00 1.857283880999999894e+02
1.185292511000000104e+00 1.860603304999999921e+02
1.185834848000000052e+00 1.864632742999999948e+02
1.186406167999999983e+00 1.866656490999999960e+02
1.186926890000000068e+00 1.870116088999999988e+02
1.187476398999999905e+00 1.873951029000000119e+02
1.188029838000000060e+00 1.877259147000000041e+02
1.188604989999999972e+00 1.880332098000000087e+02
1.189110778000000090e+00 1.883789419999999950e+02
1.189663726000000032e+00 1.885772463000000130e+02
1.190230231999999999e+00 1.890545831000000021e+02
1.190765690999999959e+00 1.894602356000000043e+02
1.191315789999999986e+00 1.896142226999999991e+02
1.191893791000000036e+00 1.901480885000000001e+02
1.192422177000000083e+00 1.903430012000000033e+02
1.192956848999999986e+00 1.906921287000000120e+02
1.193518443999999956e+00 1.910568555000000117e+02
1.194095364000000048e+00 1.913517113999999992e+02
1.194617658000000082e+00 1.916868176000000119e+02
1.195180724999999944e+00 1.919814495999999906e+02
1.195750867000000106e+00 1.924180847000000085e+02
1.196269328999999937e+00 1.925955846999999892e+02
1.196815300999999998e+00 1.929492341000000124e+02
1.197389470000000067e+00 1.934073487000000000e+02
1.197931120000000016e+00 1.935466393000000096e+02
1.198464811000000019e+00 1.939882440000000088e+02
1.198993195999999983e+00 1.942989306000000056e+02
1.199585345000000025e+00 1.947206415999999933e+02
1.200128762999999932e+00 1.948956566999999893e+02
1.200649287999999926e+00 1.954179897999999866e+02
1.201217562999999933e+00 1.954055505000000039e+02
1.201780826000000024e+00 1.959272044999999878e+02
1.202315303000000002e+00 1.963303721999999993e+02
1.202856068000000000e+00 1.965397576000000015e+02
1.203425324999999990e+00 1.969933502000000090e+02
1.203958819999999985e+00 1.973040368999999998e+02
1.204521101000000094e+00 1.975168137999999942e+02
1.205082399999999998e+00 1.978252393999999867e+02
1.205612161999999987e+00 1.982311195999999995e+02
1.206172575999999941e+00 1.984470603999999980e+02
1.206708624000000007e+00 1.989153531999999984e+02
1.207278470999999964e+00 1.993386461000000054e+02
1.207806954999999904e+00 1.994008273999999972e+02
1.208364224999999958e+00 1.997537978999999950e+02
1.208919040000000056e+00 2.002399511000000132e+02
1.209457446999999908e+00 2.004694579000000090e+02
1.209997425000000071e+00 2.007396703999999943e+02
1.210560297000000007e+00 2.011898715000000095e+02
1.211115995999999972e+00 2.014094313999999883e+02
1.211662655000000033e+00 2.018501331999999877e+02
1.212206367000000062e+00 2.022397349000000020e+02
1.212750374999999936e+00 2.023419389999999964e+02
1.213299292999999945e+00 2.028204063999999960e+02
1.213857350999999918e+00 2.031360664000000043e+02
1.214419141000000035e+00 2.034277583999999877e+02
1.214958823999999993e+00 2.036963850999999863e+02
1.215494776000000110e+00 2.041789229999999975e+02
1.216059808000000020e+00 2.043356225999999936e+02
1.216610299000000062e+00 2.047550687000000096e+02
1.217140059999999968e+00 2.051595944999999972e+02
1.217721499999999901e+00 2.052986574999999903e+02
1.218248803999999907e+00 2.057588054000000000e+02
1.218812264999999950e+00 2.061228570000000104e+02
1.219336917999999992e+00 2.062906340000000114e+02
1.219903226000000007e+00 2.066843062000000089e+02
1.220435737999999937e+00 2.071198108000000104e+02
1.220990652000000010e+00 2.074361499000000038e+02
1.221554111999999970e+00 2.077655997999999897e+02
1.222117767999999938e+00 2.081386953999999889e+02
1.222642715000000102e+00 2.083085095000000138e+02
1.223211381999999903e+00 2.088188585999999987e+02
1.223765116000000042e+00 2.091308994999999982e+02
1.224294288000000064e+00 2.092855657000000065e+02
1.224844878000000081e+00 2.097907136000000037e+02
1.225410695999999966e+00 2.100903190999999879e+02
1.225928077999999921e+00 2.102847803999999883e+02
1.226497726999999927e+00 2.107379214999999988e+02
1.227044092000000086e+00 2.110510930000000087e+02
1.227573755000000100e+00 2.113762485000000027e+02
1.228135251000000094e+00 2.117507023000000004e+02
1.228701363999999963e+00 2.121769314000000008e+02
1.229220710000000105e+00 2.123336347000000046e+02
1.229763538000000045e+00 2.127205202000000099e+02
1.230347826999999894e+00 2.131182630000000131e+02
1.230900284999999927e+00 2.133439267999999913e+02
1.231414620000000015e+00 2.136681795000000079e+02
1.231995568000000096e+00 2.142061157999999921e+02
1.232572588000000025e+00 2.143689192999999875e+02
1.233075723000000012e+00 2.146716924000000120e+02
1.233614522999999963e+00 2.150716923999999892e+02
1.234209029999999929e+00 2.153032364000000030e+02
1.234730045999999914e+00 2.156980390999999884e+02
1.235258726000000085e+00 2.160539496000000099e+02
1.235825036000000043e+00 2.163040330999999981e+02
1.236395963999999958e+00 2.168118972999999983e+02
1.236913541999999921e+00 2.170660512999999980e+02
1.237481129000000069e+00 2.173857819000000120e+02
1.238060898000000076e+00 2.179343441000000041e+02
1.238578771000000023e+00 2.180548638999999866e+02
1.239116687000000105e+00 2.183795718000000079e+02
1.239690168000000092e+00 2.188976067000000114e+02
1.240249501999999948e+00 2.191519882999999993e+02
1.240769929999999910e+00 2.193380846999999960e+02
1.241337614000000089e+00 2.198696855999999968e+02
1.241892331000000071e+00 2.201855732999999873e+02
1.242415803000000096e+00 2.204770375999999885e+02
1.242952344000000098e+00 2.208157630000000040e+02
1.243550681999999963e+00 2.212691279000000009e+02
1.244083390999999983e+00 2.215232857000000024e+02
1.244624547999999997e+00 2.217975648999999976e+02
1.245180444000000053e+00 2.223036195999999904e+02
1.245753238000000040e+00 2.225032780999999886e+02
1.246252737999999916e+00 2.228169048000000032e+02
1.246827007000000043e+00 2.231985929999999883e+02
1.247399799999999948e+00 2.235027205000000095e+02
1.247917771000000009e+00 2.238009677999999951e+02
1.248446549000000072e+00 2.242755922000000055e+02
1.249022585999999935e+00 2.244989951000000019e+02
1.249583885000000061e+00 2.249290709999999933e+02
1.250109813999999986e+00 2.252406604999999900e+02
1.250680840000000016e+00 2.255135854000000108e+02
1.251261101000000098e+00 2.258629367000000059e+02
1.251771407999999974e+00 2.262767340999999988e+02
1.252331823000000011e+00 2.264788813000000118e+02
1.252899900999999927e+00 2.270208881000000076e+02
1.253432904000000070e+00 2.273826749000000120e+02
1.253959126999999896e+00 2.275262599000000137e+02
1.254495766000000012e+00 2.279346286999999904e+02
1.255090666000000077e+00 2.282862409999999898e+02
1.255622097999999909e+00 2.286324284000000091e+02
1.256159521999999917e+00 2.290114002999999911e+02
1.256733397000000085e+00 2.293295489999999859e+02
1.257282119999999948e+00 2.296164913000000070e+02
1.257798519000000059e+00 2.299640368999999964e+02
1.258358442000000021e+00 2.304162713000000053e+02
1.258909228999999907e+00 2.306521135000000129e+02
1.259488310000000055e+00 2.310925876999999957e+02
1.260013846000000104e+00 2.313743327999999906e+02
1.260571805000000101e+00 2.317010740000000055e+02
1.261101368999999917e+00 2.320515557999999885e+02
1.261639678000000098e+00 2.324081415999999933e+02
1.262213454999999929e+00 2.325650687000000119e+02
