1.000000000000000000e+00 0.000000000000000000e+00
1.000583124999999907e+00 -1.292472759999999943e-01
1.001139533999999998e+00 -7.840126599999999724e-02
1.001703454999999909e+00 -2.525898199999999927e-02
1.002271034000000061e+00 3.181976300000000091e-02
1.002848783999999993e+00 2.365159549999999999e-01
1.003416966000000077e+00 3.936466999999999918e-03
1.003984806999999924e+00 -9.841160999999999312e-03
1.004565442999999947e+00 -5.904694999999999735e-03
1.005118648000000059e+00 6.035913600000000073e-02
1.005702534000000092e+00 -8.889850300000000372e-02
1.006279260999999980e+00 1.476174460000000133e-01
1.006829114000000081e+00 2.830974629999999936e-01
1.007400818000000031e+00 1.007079030000000014e-01
1.007954522999999991e+00 3.795408749999999998e-01
1.008551874999999987e+00 2.781768789999999880e-01
1.009128044999999974e+00 3.250864450000000017e-01
1.009675158999999933e+00 4.910740619999999779e-01
1.010240500000000097e+00 4.795926640000000019e-01
1.010822557000000010e+00 4.221858940000000060e-01
1.011391614000000105e+00 5.415920029999999885e-01
1.011977023000000031e+00 7.735154490000000216e-01
1.012532068000000063e+00 7.456321240000000072e-01
1.013069068000000073e+00 8.138642099999999768e-01
1.013657977000000043e+00 1.045787599999999928e+00
1.014221806999999975e+00 9.034188060000000187e-01
1.014806454999999996e+00 1.031025850000000021e+00
1.015367284000000092e+00 1.304610220000000043e+00
1.015949591000000041e+00 1.209478959999999992e+00
1.016507669999999974e+00 1.514883031999999963e+00
1.017061999999999911e+00 1.792731904000000043e+00
1.017641726999999996e+00 1.552279455000000086e+00
1.018221647999999924e+00 1.922635260999999929e+00
1.018777193000000025e+00 2.159807247999999902e+00
1.019333545000000063e+00 2.322842526000000074e+00
1.019916977000000058e+00 2.406492443999999953e+00
1.020485215999999973e+00 2.831958707000000075e+00
1.021056101999999965e+00 2.919217044999999899e+00
1.021633943000000100e+00 3.198706037000000002e+00
1.022195283999999926e+00 3.543146763999999838e+00
1.022750363999999967e+00 3.439486500000000113e+00
1.023355693000000066e+00 3.887587490000000034e+00
1.023919510999999893e+00 4.331751992000000051e+00
1.024472057000000103e+00 4.417370099000000216e+00
1.025036284000000020e+00 4.896634766000000027e+00
1.025606465999999939e+00 5.304058981999999922e+00
1.026187908999999898e+00 5.692456889999999881e+00
1.026738216000000037e+00 6.015247203999999570e+00
1.027323124999999893e+00 6.473844892999999878e+00
1.027901374999999895e+00 6.857322603000000072e+00
1.028445386000000017e+00 7.553748579999999713e+00
1.029026431999999991e+00 8.028093103999999869e+00
1.029587250000000065e+00 8.314798662999999479e+00
1.030170022999999935e+00 8.965299487999999428e+00
1.030718148000000056e+00 9.572499267999999617e+00
1.031304431999999993e+00 1.003306558999999964e+01
1.031876170000000092e+00 1.084135342000000080e+01
1.032430147999999992e+00 1.141443708000000079e+01
1.033002044999999924e+00 1.191436827999999970e+01
1.033577544999999986e+00 1.264983113000000081e+01
1.034147010999999949e+00 1.339021473000000029e+01
1.034720226999999992e+00 1.371858126999999961e+01
1.035309658999999938e+00 1.464693130000000032e+01
1.035847272999999902e+00 1.540863741000000076e+01
1.036404590999999931e+00 1.590561594000000056e+01
1.036981919999999890e+00 1.677590268000000151e+01
1.037557273000000002e+00 1.759107935000000111e+01
1.038135170000000107e+00 1.811758126999999874e+01
1.038687466000000059e+00 1.896293735000000069e+01
1.039260682000000102e+00 1.988046183999999883e+01
1.039833545000000026e+00 2.048766162000000080e+01
1.040407580000000110e+00 2.136319711999999882e+01
1.040988625000000001e+00 2.227481682000000163e+01
1.041541124999999957e+00 2.277835617999999940e+01
1.042102295000000067e+00 2.353940625999999980e+01
1.042654283999999931e+00 2.453664400999999984e+01
1.043253363999999905e+00 2.501098799000000028e+01
1.043816067999999930e+00 2.610335728000000088e+01
1.044385477000000062e+00 2.702481793000000110e+01
1.044957080000000094e+00 2.764481131999999874e+01
1.045525773000000047e+00 2.847868584000000070e+01
1.046079283999999943e+00 2.928008485000000150e+01
1.046646101999999967e+00 3.008148330999999942e+01
1.047226533999999987e+00 3.099539964999999953e+01
1.047787977000000037e+00 3.176661869999999865e+01
1.048353169999999945e+00 3.243712998000000169e+01
1.048926897999999941e+00 3.343141505999999907e+01
1.049501943000000104e+00 3.415342882000000202e+01
1.050056829999999941e+00 3.485149541999999911e+01
1.050640919999999978e+00 3.563944423000000228e+01
1.051211193000000099e+00 3.655664071000000348e+01
1.051778874999999891e+00 3.735115033999999667e+01
1.052351693000000088e+00 3.824243211999999659e+01
1.052903169999999999e+00 3.912584049000000164e+01
1.053491023000000082e+00 3.972746348999999810e+01
1.054067545000000106e+00 4.089987406000000192e+01
1.054613886000000056e+00 4.177803366999999923e+01
1.055193261000000104e+00 4.228846238999999940e+01
1.055762158999999922e+00 4.327585865000000354e+01
1.056300580000000044e+00 4.418255815999999925e+01
1.056894739000000083e+00 4.485766162000000179e+01
1.057484215999999977e+00 4.581750311999999781e+01
1.058023602000000007e+00 4.661234131999999875e+01
1.058602658999999946e+00 4.734682012999999756e+01
1.059185636000000041e+00 4.813280086000000324e+01
1.059717352000000057e+00 4.912314978999999937e+01
1.060311294999999987e+00 4.980448660999999788e+01
1.060864510999999899e+00 5.063737709000000109e+01
1.061447022999999934e+00 5.161657247000000126e+01
1.062014908999999951e+00 5.229200449999999734e+01
1.062569432000000091e+00 5.318886249999999905e+01
1.063154750000000037e+00 5.402864181000000343e+01
1.063714454999999948e+00 5.456400118999999904e+01
1.064292556999999917e+00 5.571771335999999764e+01
1.064839204999999955e+00 5.665491753999999958e+01
1.065415977000000014e+00 5.732936992999999859e+01
1.065993772999999978e+00 5.825968363999999866e+01
1.066566942999999990e+00 5.902598523000000341e+01
1.067117147999999904e+00 5.976538534000000169e+01
1.067708408999999969e+00 6.071242991999999816e+01
1.068283102000000095e+00 6.155943047000000234e+01
1.068843919999999947e+00 6.209806558999999737e+01
1.069417250000000097e+00 6.312876453999999882e+01
1.069968625000000007e+00 6.393967812999999722e+01
1.070543215999999909e+00 6.472336002999999494e+01
1.071103125000000045e+00 6.548605127999999809e+01
1.071684885999999892e+00 6.632944147999999984e+01
1.072241341000000014e+00 6.697469189000000256e+01
1.072799625000000034e+00 6.787909476000000097e+01
1.073381477000000084e+00 6.864703090999999802e+01
1.073967864000000105e+00 6.932672822000000679e+01
1.074517511000000036e+00 7.016322793999999874e+01
1.075089863999999951e+00 7.108108154999999329e+01
1.075657341000000100e+00 7.167154935000000648e+01
1.076215067999999997e+00 7.241586965999999848e+01
1.076779205000000017e+00 7.332978821000000380e+01
1.077389500000000000e+00 7.404720702999999560e+01
1.077923817999999923e+00 7.469770785000000046e+01
1.078496783999999931e+00 7.548664015999999322e+01
1.079074169999999944e+00 7.615026702000000114e+01
1.079649829999999922e+00 7.688835176999999987e+01
1.080196931999999999e+00 7.776224829999999599e+01
1.080778226999999925e+00 7.831859943000000612e+01
1.081364352000000029e+00 7.912688781999999321e+01
1.081898919999999986e+00 7.995256200999999407e+01
1.082489057000000088e+00 8.024320593000000201e+01
1.083053386000000007e+00 8.119189056999999821e+01
1.083607044999999935e+00 8.201198963999999592e+01
1.084185192999999936e+00 8.243351963000000637e+01
1.084764567999999985e+00 8.337826922000000707e+01
1.085316648000000050e+00 8.407764731000000324e+01
1.085884033999999998e+00 8.464318941999999879e+01
1.086445818000000063e+00 8.524284269000000336e+01
1.087029760999999928e+00 8.614593569999999545e+01
1.087609124999999954e+00 8.654482948000000420e+01
1.088152784000000040e+00 8.736951852999999346e+01
1.088712648000000005e+00 8.793866547999999739e+01
1.089316648000000054e+00 8.852913327999999638e+01
1.089882908999999955e+00 8.948307384000000297e+01
1.090446022999999931e+00 8.991050916999999743e+01
1.091002022999999932e+00 9.056921033000000421e+01
1.091592614000000072e+00 9.140701991000000248e+01
1.092120011000000002e+00 9.210508815000000027e+01
1.092731589000000003e+00 9.263093295000000182e+01
1.093277376999999939e+00 9.328274362999999880e+01
1.093837289000000101e+00 9.411596321999999759e+01
1.094421684999999922e+00 9.460572657000000163e+01
1.094991044999999996e+00 9.518274363000000449e+01
1.095577167999999935e+00 9.589262254999999868e+01
1.096124024000000086e+00 9.631087241000000176e+01
1.096703543999999919e+00 9.701418556000000137e+01
1.097252533000000030e+00 9.791432315000000131e+01
1.097816813999999974e+00 9.831354715000000510e+01
1.098391965000000026e+00 9.895945799000000420e+01
1.098973718999999960e+00 9.965096047000000112e+01
1.099515951999999963e+00 1.001955063999999993e+02
1.100102533000000049e+00 1.009998597999999959e+02
1.100654570000000110e+00 1.014509108999999967e+02
1.101223880000000044e+00 1.019469042999999999e+02
1.101814422999999987e+00 1.025711641000000043e+02
1.102390031000000103e+00 1.033102339999999941e+02
1.102947604999999998e+00 1.037294689999999946e+02
1.103508785999999908e+00 1.043376528000000008e+02
1.104065649000000038e+00 1.051046038000000067e+02
1.104650656000000009e+00 1.055989627000000013e+02
1.105227584000000096e+00 1.062438829000000027e+02
1.105788358999999943e+00 1.068553468000000066e+02
1.106357972999999939e+00 1.072348899999999929e+02
1.106923826999999916e+00 1.078142076000000031e+02
1.107484856999999989e+00 1.086549725999999936e+02
1.108061734000000076e+00 1.090269648999999959e+02
1.108626523000000086e+00 1.097883463000000006e+02
1.109186282000000023e+00 1.102154514000000063e+02
1.109762093000000061e+00 1.105605477000000008e+02
1.110335263000000072e+00 1.113094580000000065e+02
1.110895275000000071e+00 1.119675041999999934e+02
1.111470984999999967e+00 1.124454568999999964e+02
1.112035568999999890e+00 1.128748625000000061e+02
1.112606250000000019e+00 1.136923309000000017e+02
1.113176881000000007e+00 1.141440424999999976e+02
1.113734860999999965e+00 1.146643121000000036e+02
1.114297058000000007e+00 1.153049725999999993e+02
1.114854226000000059e+00 1.156582692000000065e+02
1.115433592999999890e+00 1.164173500999999931e+02
1.116018141999999935e+00 1.168700469000000055e+02
1.116578155000000017e+00 1.173827710999999994e+02
1.117145381000000048e+00 1.180578730000000007e+02
1.117723274999999905e+00 1.186125894999999986e+02
1.118302896999999962e+00 1.188999478000000067e+02
1.118861995000000054e+00 1.195429031999999978e+02
1.119422160000000055e+00 1.201792983999999933e+02
1.120004981999999982e+00 1.206326501000000064e+02
1.120561235000000044e+00 1.212204926999999941e+02
1.121141822000000010e+00 1.218171959999999956e+02
1.121711485999999924e+00 1.222436462000000006e+02
1.122264844000000039e+00 1.227773665999999935e+02
1.122831968999999930e+00 1.232979665000000011e+02
1.123412606999999896e+00 1.237601734999999934e+02
1.123991669000000027e+00 1.243112741999999997e+02
1.124548227000000011e+00 1.250027821999999986e+02
1.125122718000000077e+00 1.252963759999999951e+02
1.125674958999999919e+00 1.258291112999999939e+02
1.126245689999999966e+00 1.264028536999999943e+02
1.126823839000000049e+00 1.267607402999999948e+02
1.127396296999999992e+00 1.274076362999999930e+02
1.127959052000000018e+00 1.278659027000000066e+02
1.128528208999999949e+00 1.282359302000000127e+02
1.129081669000000065e+00 1.287749009999999998e+02
1.129635635999999943e+00 1.294208064000000036e+02
1.130193768999999904e+00 1.296501073999999960e+02
1.130787766999999944e+00 1.302386103999999989e+02
1.131369064999999896e+00 1.308756605000000093e+02
1.131950972999999916e+00 1.310859356999999932e+02
1.132516775999999892e+00 1.315481426000000056e+02
1.133054945000000036e+00 1.320566015999999934e+02
1.133637004999999975e+00 1.324312190999999927e+02
1.134202402000000109e+00 1.329882307000000026e+02
1.134790761000000092e+00 1.335547524000000124e+02
1.135331724000000042e+00 1.337059797000000003e+02
1.135915307999999957e+00 1.342961228000000062e+02
1.136499705000000082e+00 1.346586049000000003e+02
1.137037365999999938e+00 1.349718795999999941e+02
1.137602102000000004e+00 1.354622977999999875e+02
1.138178828000000031e+00 1.358356055000000140e+02
1.138763326000000076e+00 1.360432554999999866e+02
1.139317394999999955e+00 1.365779609999999877e+02
1.139891377999999955e+00 1.367708448999999860e+02
1.140469170000000032e+00 1.370821546999999896e+02
1.141009981999999923e+00 1.373235912000000098e+02
1.141577665000000019e+00 1.377428261999999961e+02
1.142175573999999916e+00 1.379540810000000022e+02
1.142744172000000002e+00 1.384441691000000105e+02
1.143298748999999948e+00 1.387810650000000123e+02
1.143876998999999950e+00 1.390569484000000102e+02
1.144439957999999979e+00 1.394492818999999884e+02
1.144986762999999907e+00 1.401355393999999990e+02
1.145595391000000074e+00 1.402100028000000123e+02
1.146139553000000033e+00 1.406049615999999958e+02
1.146711910999999917e+00 1.408260622999999896e+02
1.147285029999999928e+00 1.410835691999999995e+02
1.147844840000000088e+00 1.414909935000000019e+02
1.148418568000000084e+00 1.419066181000000029e+02
1.148978682000000084e+00 1.420519400999999959e+02
1.149563740000000056e+00 1.424314832999999965e+02
1.150116082000000040e+00 1.427762494000000117e+02
1.150695449000000092e+00 1.428989352000000110e+02
1.151242914000000006e+00 1.432633874999999932e+02
1.151836402999999898e+00 1.437531509000000085e+02
1.152401140999999907e+00 1.439962274000000093e+02
1.152941138999999948e+00 1.443902009999999905e+02
1.153530310000000059e+00 1.446933104999999955e+02
1.154105715000000032e+00 1.447845048000000077e+02
1.154687063999999985e+00 1.454090893000000051e+02
1.155241793000000072e+00 1.457361448000000053e+02
1.155804295000000037e+00 1.458335747000000140e+02
1.156389098000000004e+00 1.462432939999999917e+02
1.156923761000000050e+00 1.465329528000000039e+02
1.157514914999999922e+00 1.468711586000000011e+02
1.158090166999999893e+00 1.471391662999999994e+02
1.158644948000000063e+00 1.475472455999999966e+02
1.159238385999999954e+00 1.475406853000000069e+02
1.159796062999999933e+00 1.480261834000000079e+02
1.160341343000000025e+00 1.484208118999999897e+02
1.160921268999999922e+00 1.488036352000000022e+02
1.161486057000000072e+00 1.489269759000000022e+02
1.162054552999999935e+00 1.492366456999999969e+02
1.162633464000000005e+00 1.494403605999999911e+02
1.163169193999999962e+00 1.497900468999999930e+02
1.163753083000000021e+00 1.502676748000000089e+02
1.164331433999999943e+00 1.503099918000000059e+02
1.164883624000000006e+00 1.507482472000000087e+02
1.165459535999999963e+00 1.508958642000000054e+02
1.166028540999999974e+00 1.510812080999999978e+02
1.166616797999999955e+00 1.513616814000000090e+02
1.167158369999999890e+00 1.516523253999999952e+02
1.167723869000000025e+00 1.515427601000000095e+02
1.168304862999999916e+00 1.519137728000000038e+02
1.168885093000000097e+00 1.521476638000000037e+02
1.169433219000000079e+00 1.522329527999999925e+02
1.170020563000000013e+00 1.525987149999999986e+02
1.170592258999999968e+00 1.530258201000000042e+02
1.171171879999999943e+00 1.529116649000000052e+02
1.171714925999999934e+00 1.532124739999999861e+02
1.172285607000000063e+00 1.533594359999999881e+02
1.172856032999999965e+00 1.534473500999999942e+02
