1.000000000000000000e+00 0.000000000000000000e+00
1.000547260999999910e+00 -3.623467999999999828e-02
1.001113364000000061e+00 -2.219023100000000123e-02
1.001698374999999919e+00 -2.564516510000000027e-01
1.002258590999999921e+00 1.924089730000000109e-01
1.002862750000000025e+00 2.499912300000000157e-02
1.003406295000000004e+00 1.702187320000000115e-01
1.003962704999999955e+00 3.168428090000000030e-01
1.004547556999999980e+00 3.702117059999999737e-01
1.005117886000000071e+00 2.137565220000000044e-01
1.005690033999999899e+00 6.227308860000000390e-01
1.006252182000000106e+00 6.850882379999999605e-01
1.006841920000000057e+00 7.662651929999999556e-01
1.007396954999999927e+00 9.887292840000000416e-01
1.007957420000000104e+00 1.093500866999999932e+00
1.008525920000000076e+00 1.319897380000000009e+00
1.009089590999999952e+00 1.669042431999999909e+00
1.009648284000000062e+00 1.806116229999999989e+00
1.010233739000000019e+00 2.192338615000000157e+00
1.010823317999999915e+00 2.238966183000000054e+00
1.011395215999999930e+00 2.601874759999999842e+00
1.011954465999999941e+00 3.154945211999999888e+00
1.012491977000000043e+00 3.315613685000000199e+00
1.013097818000000094e+00 3.736385410000000018e+00
1.013642989000000050e+00 4.214458501000000190e+00
1.014228045000000078e+00 4.657982299999999576e+00
1.014813715999999921e+00 5.029598228000000226e+00
1.015343351999999921e+00 5.568062412999999822e+00
1.015904431999999913e+00 6.197534608999999861e+00
1.016517125000000021e+00 6.619991725000000216e+00
1.017063567999999973e+00 7.107896059999999849e+00
1.017629783999999926e+00 7.732873911000000433e+00
1.018193455000000025e+00 8.242125560999999934e+00
1.018796489000000083e+00 8.821318774999999945e+00
1.019347669999999928e+00 9.510058643000000700e+00
1.019930079999999961e+00 1.016565383999999916e+01
1.020480851999999938e+00 1.084765194999999949e+01
1.021029227000000095e+00 1.144173254000000028e+01
1.021623885999999981e+00 1.186475139000000034e+01
1.022189283999999976e+00 1.284421086000000045e+01
1.022749705000000064e+00 1.346694177000000003e+01
1.023310579999999970e+00 1.412955911000000064e+01
1.023902193000000072e+00 1.481577071000000068e+01
1.024467739000000099e+00 1.579523065000000059e+01
1.025020080000000000e+00 1.630981972000000013e+01
1.025583238999999924e+00 1.698311048000000056e+01
1.026183284000000029e+00 1.794459352000000152e+01
1.026718044999999968e+00 1.857238050999999857e+01
1.027307170000000047e+00 1.936280181000000056e+01
1.027879830000000050e+00 2.002963262999999827e+01
1.028430090999999935e+00 2.061584798999999890e+01
1.029013772999999965e+00 2.154306241000000099e+01
1.029567955000000090e+00 2.228545214000000030e+01
1.030157580000000017e+00 2.301098843000000116e+01
1.030701942999999954e+00 2.370590783999999829e+01
1.031305442999999933e+00 2.465250350999999895e+01
1.031846000000000041e+00 2.533365948999999873e+01
1.032406056999999988e+00 2.612773254000000023e+01
1.032958704999999977e+00 2.684259493000000063e+01
1.033570125000000006e+00 2.771391254999999987e+01
1.034100124999999926e+00 2.849422217000000046e+01
1.034699658999999938e+00 2.919588286999999838e+01
1.035270136000000063e+00 2.993377824999999959e+01
1.035837557000000020e+00 3.076773771999999951e+01
1.036406114000000045e+00 3.156827164999999979e+01
1.036969682000000059e+00 3.228875185999999786e+01
1.037534057000000010e+00 3.322102235999999920e+01
1.038114693000000033e+00 3.403531971999999683e+01
1.038689283999999935e+00 3.486478483999999867e+01
1.039246557000000015e+00 3.544229237999999782e+01
1.039831965999999941e+00 3.651697381999999692e+01
1.040398692999999986e+00 3.713605299000000315e+01
1.040957284000000094e+00 3.801664017000000229e+01
1.041534261000000017e+00 3.879891585000000021e+01
1.042095135999999922e+00 3.947333056000000084e+01
1.042650113999999961e+00 4.026768446999999895e+01
1.043211351999999925e+00 4.106821839999999924e+01
1.043782533999999984e+00 4.190330133999999873e+01
1.044369227000000011e+00 4.268108268000000294e+01
1.044936545000000105e+00 4.363076834999999676e+01
1.045476545000000090e+00 4.439534846000000101e+01
1.046069885999999949e+00 4.525739653000000118e+01
1.046614557000000056e+00 4.592591254999999961e+01
1.047230091000000085e+00 4.682279096999999979e+01
1.047782033999999918e+00 4.777247805999999741e+01
1.048335591000000067e+00 4.838312839000000309e+01
1.048897125000000097e+00 4.927298701000000136e+01
1.049501181999999977e+00 5.005048466000000218e+01
1.050066227000000074e+00 5.099258644999999746e+01
1.050594033999999954e+00 5.187991444000000030e+01
1.051211955000000087e+00 5.261359963999999678e+01
1.051741795000000090e+00 5.334671933999999993e+01
1.052342295000000094e+00 5.416494742999999801e+01
1.052907330000000030e+00 5.499581924999999671e+01
1.053459318000000033e+00 5.593286449000000005e+01
1.054027363999999967e+00 5.662665807999999856e+01
1.054600784000000013e+00 5.767774666999999766e+01
1.055149420000000005e+00 5.840075327000000271e+01
1.055714408999999909e+00 5.920016420000000323e+01
1.056307794999999938e+00 5.992541867999999994e+01
1.056860442999999927e+00 6.090347711999999802e+01
1.057457284000000053e+00 6.175091821000000181e+01
1.058018216000000011e+00 6.239359022000000010e+01
1.058587932000000009e+00 6.343372217000000290e+01
1.059149114000000003e+00 6.405055534000000250e+01
1.059726500000000016e+00 6.487749220000000605e+01
1.060301340999999953e+00 6.587155911000000685e+01
1.060861658999999957e+00 6.665383527000000186e+01
1.061433148000000104e+00 6.740661565999999993e+01
1.061984432000000034e+00 6.852034328000000585e+01
1.062561716000000045e+00 6.913773725000000070e+01
1.063136510999999951e+00 7.002253460999999390e+01
1.063699568000000095e+00 7.072616326000000697e+01
1.064299659000000009e+00 7.136602659999999787e+01
1.064819181999999920e+00 7.233425468000000080e+01
1.065408056999999964e+00 7.331876929000000587e+01
1.066000067999999912e+00 7.401396721999999784e+01
1.066537727000000046e+00 7.494933007999999575e+01
1.067118977000000024e+00 7.574818023000000267e+01
1.067692601999999935e+00 7.649421698000000447e+01
1.068249726999999982e+00 7.720515007000000196e+01
1.068821113999999906e+00 7.813657795999999678e+01
1.069367965999999948e+00 7.890143659000000298e+01
1.069968170000000107e+00 7.952725657000000581e+01
1.070512023000000035e+00 8.044464111000000628e+01
1.071093215999999959e+00 8.116371746000000087e+01
1.071666439999999998e+00 8.180133761999999820e+01
1.072238999999999942e+00 8.291815194999999505e+01
1.072775137999999906e+00 8.345211990999999330e+01
1.073347647000000071e+00 8.421866561999999590e+01
1.073964657000000100e+00 8.505711990999999728e+01
1.074497542000000028e+00 8.562900962999999877e+01
1.075074775999999899e+00 8.657279850999999837e+01
1.075645914000000092e+00 8.730563546000000485e+01
1.076209178000000044e+00 8.794241207999999688e+01
1.076788545000000097e+00 8.866570142999999860e+01
1.077349168000000024e+00 8.933056476999999518e+01
1.077930210999999971e+00 8.999823677999999916e+01
1.078473358999999965e+00 9.076534798999999509e+01
1.079061515000000027e+00 9.158638474999999346e+01
1.079618988000000002e+00 9.209872688000000096e+01
1.080163353000000104e+00 9.285684657999999558e+01
1.080761668999999925e+00 9.357423583000000633e+01
1.081334076999999949e+00 9.418348654000000408e+01
1.081909685000000065e+00 9.494441491000000610e+01
1.082444857000000038e+00 9.559551292999999816e+01
1.083041190999999959e+00 9.618257230999999763e+01
1.083605624000000045e+00 9.684883997999999394e+01
1.084167566999999943e+00 9.751623395000000016e+01
1.084745663999999943e+00 9.815469294999999761e+01
1.085293638000000005e+00 9.871787390999999445e+01
1.085861675999999942e+00 9.941728956000000039e+01
1.086442109999999905e+00 1.001150181000000003e+02
1.087057850000000103e+00 1.005599473999999987e+02
1.087583776000000002e+00 1.012267759000000069e+02
1.088136830000000055e+00 1.018048438000000004e+02
1.088715942999999964e+00 1.025955459000000047e+02
1.089285405000000040e+00 1.031031143000000014e+02
1.089844655999999912e+00 1.037019690999999995e+02
1.090395930999999985e+00 1.041921198999999945e+02
1.090992264999999906e+00 1.047623272999999955e+02
1.091545573000000102e+00 1.052510737000000063e+02
1.092129459999999996e+00 1.059117241000000007e+02
1.092712080000000086e+00 1.065667569999999955e+02
1.093266808999999951e+00 1.070540991999999960e+02
1.093835711000000099e+00 1.076200888000000049e+02
1.094399230000000056e+00 1.081933829000000031e+02
1.094982101999999902e+00 1.087579728999999986e+02
1.095553087999999953e+00 1.093638494000000065e+02
1.096094812999999890e+00 1.098868654000000049e+02
1.096670572999999926e+00 1.103506119000000041e+02
1.097265179999999951e+00 1.107483498999999938e+02
1.097802281999999963e+00 1.114413045999999952e+02
1.098386781000000090e+00 1.118410077000000058e+02
1.098974630999999924e+00 1.124280671000000069e+02
1.099525399000000014e+00 1.129673743999999971e+02
1.100075048000000111e+00 1.134656731999999977e+02
1.100666759000000106e+00 1.137459982999999966e+02
1.101221894999999895e+00 1.143909182000000015e+02
1.101789832999999996e+00 1.147748955999999936e+02
1.102336283000000083e+00 1.153198201999999952e+02
1.102921999999999958e+00 1.157568842999999958e+02
1.103518538000000104e+00 1.162459087999999952e+02
1.104048324000000081e+00 1.166189294999999930e+02
1.104650042999999915e+00 1.172259322999999966e+02
1.105195273999999950e+00 1.176200180999999958e+02
1.105750256999999959e+00 1.179966911000000067e+02
1.106342731000000024e+00 1.186365590999999995e+02
1.106902845000000024e+00 1.190028362000000044e+02
1.107496384999999917e+00 1.194511349999999936e+02
1.108033590000000013e+00 1.198991510000000034e+02
1.108595329999999990e+00 1.203064413000000030e+02
1.109177591999999990e+00 1.207884487999999976e+02
1.109751117000000065e+00 1.212277560999999935e+02
1.110313619000000029e+00 1.215698814999999939e+02
1.110868297999999976e+00 1.220190237999999994e+02
1.111453964999999933e+00 1.226706826000000063e+02
1.112030944000000021e+00 1.229423036999999965e+02
1.112576733000000040e+00 1.233198201999999952e+02
1.113144619999999918e+00 1.236785148000000021e+02
1.113738515999999956e+00 1.242405741999999975e+02
1.114316614000000039e+00 1.246428078999999940e+02
1.114855544000000087e+00 1.250458804999999955e+02
1.115422872999999981e+00 1.253413752999999957e+02
1.115983597000000049e+00 1.259452866999999969e+02
1.116563573000000087e+00 1.261702820000000003e+02
1.117146141000000092e+00 1.266286891999999966e+02
1.117738512999999934e+00 1.270783969999999954e+02
1.118254381000000075e+00 1.274016957999999988e+02
