1.000000000000000000e+00 0.000000000000000000e+00
1.000572899000000016e+00 -5.127572999999999853e-02
1.001114472000000033e+00 -5.941473399999999683e-02
1.001697124000000105e+00 -1.521993899999999900e-01
1.002268224999999902e+00 5.968603599999999787e-02
1.002814708000000055e+00 1.158451659999999994e-01
1.003353707999999900e+00 4.584972699999999984e-02
1.003961730000000108e+00 1.215424719999999986e-01
1.004505910000000002e+00 1.527419889999999947e-01
1.005068416000000076e+00 1.627800960000000130e-01
1.005647302999999937e+00 2.419997409999999904e-01
1.006231156999999987e+00 4.088493489999999730e-01
1.006751281000000109e+00 3.046700769999999836e-01
1.007300472000000058e+00 6.402683750000000007e-01
1.007890562000000045e+00 7.075508059999999766e-01
1.008444989000000014e+00 7.430911329999999593e-01
1.009002978000000050e+00 1.102835148000000043e+00
1.009607775000000096e+00 1.044776931999999992e+00
1.010140707999999998e+00 1.137290268999999965e+00
1.010698247000000105e+00 1.325572562999999926e+00
1.011271044999999980e+00 1.472074655999999981e+00
1.011849438000000045e+00 1.584935511999999935e+00
1.012380899000000056e+00 1.886078707000000021e+00
1.012915336999999916e+00 2.069206289999999893e+00
1.013550224999999916e+00 2.274580527999999990e+00
1.014064617999999918e+00 2.469374018999999976e+00
1.014613618000000050e+00 2.877409477000000049e+00
1.015193000000000012e+00 2.835357951999999848e+00
1.015771583999999894e+00 3.160104242000000063e+00
1.016329269999999951e+00 3.364121948000000195e+00
1.016906808999999967e+00 3.580076887000000152e+00
1.017457663000000068e+00 4.066246754999999879e+00
1.018006055999999937e+00 4.304448301999999948e+00
1.018560134999999978e+00 4.432501966000000237e+00
1.019154742000000002e+00 4.897781984999999949e+00
1.019693438000000008e+00 5.265393272999999930e+00
1.020242888000000070e+00 5.504951305999999711e+00
1.020809764000000008e+00 6.018793818999999878e+00
1.021405729999999901e+00 6.368228503000000096e+00
1.021962067000000030e+00 6.575230777999999887e+00
1.022513471999999979e+00 7.213871196999999569e+00
1.023105370999999986e+00 7.640355039000000126e+00
1.023638494000000065e+00 7.931731461000000039e+00
1.024196236000000093e+00 8.497121082999999686e+00
1.024768888000000100e+00 8.975152035000000694e+00
1.025344156999999923e+00 9.416828410999999122e+00
1.025891606999999928e+00 1.000310834000000071e+01
1.026459583999999925e+00 1.049416158999999915e+01
1.027030786999999945e+00 1.102102640999999927e+01
1.027570292000000052e+00 1.161897178999999980e+01
1.028146921000000047e+00 1.223563724000000086e+01
1.028708673999999990e+00 1.279994128999999958e+01
1.029262448999999968e+00 1.316348385000000043e+01
1.029817066999999975e+00 1.400017343000000025e+01
1.030386561999999895e+00 1.448254483999999920e+01
1.030947011000000080e+00 1.519253755999999989e+01
1.031524639999999993e+00 1.588516706000000056e+01
1.032060729999999982e+00 1.640389259000000166e+01
1.032652123999999949e+00 1.719310515000000095e+01
1.033212471999999993e+00 1.774682840999999911e+01
1.033762078999999945e+00 1.837515976999999978e+01
1.034329156999999944e+00 1.911852208000000175e+01
1.034892673999999957e+00 1.983692491000000047e+01
1.035457145999999939e+00 2.044897815999999935e+01
1.036028146000000039e+00 2.116548202999999972e+01
1.036581258000000005e+00 2.190803050999999968e+01
1.037147583999999956e+00 2.248155895000000015e+01
1.037728729999999988e+00 2.327999545999999853e+01
1.038273416000000005e+00 2.404180610999999956e+01
1.038825370999999942e+00 2.466932317999999924e+01
1.039379752999999962e+00 2.549977334000000084e+01
1.039935730000000058e+00 2.618317843000000167e+01
1.040522348000000097e+00 2.692301365999999874e+01
1.041086718999999938e+00 2.769893219000000073e+01
1.041635864999999939e+00 2.856926310000000058e+01
1.042192999999999925e+00 2.911240602000000166e+01
1.042758528000000018e+00 2.991247020000000134e+01
1.043326763999999907e+00 3.067943560000000147e+01
1.043900124000000096e+00 3.130396860000000103e+01
1.044441538999999919e+00 3.223181521000000060e+01
1.045017011000000107e+00 3.303296450999999934e+01
1.045588111999999903e+00 3.361463222999999800e+01
1.046115101000000047e+00 3.440601457000000352e+01
1.046718303000000017e+00 3.539490397000000144e+01
1.047267651999999938e+00 3.591986983000000322e+01
1.047828302999999961e+00 3.681380382999999767e+01
1.048372325999999966e+00 3.758538143999999903e+01
1.048954729999999946e+00 3.825332226999999818e+01
1.049506089999999947e+00 3.901106372999999650e+01
1.050047562000000045e+00 3.991612108000000347e+01
1.050608315000000070e+00 4.043511835000000332e+01
1.051196988999999915e+00 4.141885254000000316e+01
1.051765225000000026e+00 4.228891216000000242e+01
1.052311516999999919e+00 4.292483979000000005e+01
1.052900493999999965e+00 4.380303823999999935e+01
1.053448135000000008e+00 4.462724807000000027e+01
1.054000696999999986e+00 4.519616477999999660e+01
1.054565119999999911e+00 4.611967228999999691e+01
1.055151238000000102e+00 4.695011834999999678e+01
1.055695314999999912e+00 4.764573510000000311e+01
1.056221008000000072e+00 4.844715521999999908e+01
1.056849066000000059e+00 4.954890306000000066e+01
1.057413786999999994e+00 5.002476560000000205e+01
1.057920342999999930e+00 5.099059172999999845e+01
1.058513644000000031e+00 5.171089668999999844e+01
1.059066561000000073e+00 5.244530268999999834e+01
1.059605061999999931e+00 5.326815658999999670e+01
1.060181937000000074e+00 5.429611289000000340e+01
1.060767452999999971e+00 5.487995449000000292e+01
1.061313036000000043e+00 5.577497042000000249e+01
1.061849075999999892e+00 5.650531180000000120e+01
1.062449057000000030e+00 5.718871644000000032e+01
1.063002626999999922e+00 5.814396451000000354e+01
1.063547457000000085e+00 5.895243969999999933e+01
1.064131616000000058e+00 5.958999545999999725e+01
1.064719541999999963e+00 6.043211198000000195e+01
1.065258344999999940e+00 6.121508421000000055e+01
1.065833964999999939e+00 6.201134729999999706e+01
1.066376535000000070e+00 6.282335003000000029e+01
1.066936182000000066e+00 6.360523897000000204e+01
1.067481614999999939e+00 6.416872553999999695e+01
1.068059293999999992e+00 6.510661356999999327e+01
1.068624014999999927e+00 6.600651344000000620e+01
1.069182556999999978e+00 6.651710060000000624e+01
1.069721509999999931e+00 6.752118344000000150e+01
1.070322846999999911e+00 6.827241238999999950e+01
1.070869687000000070e+00 6.881528448999999625e+01
1.071439529999999918e+00 6.963705507999999611e+01
1.072018767000000095e+00 7.060912154000000385e+01
1.072577158000000086e+00 7.116257625000000075e+01
1.073121637000000073e+00 7.195477015000000165e+01
1.073681485000000047e+00 7.278928994999999702e+01
1.074243091999999899e+00 7.333514793999999881e+01
1.074823784999999976e+00 7.415474283999999727e+01
1.075391820999999970e+00 7.496810197000000642e+01
1.075947551000000058e+00 7.568134729999999877e+01
1.076496651000000027e+00 7.649850705999999434e+01
1.077062275000000069e+00 7.714691397999999367e+01
1.077617201000000025e+00 7.768381429999999455e+01
1.078206884999999948e+00 7.860623578999999950e+01
1.078744431000000059e+00 7.926604005999999458e+01
1.079301518000000071e+00 7.994021849000000657e+01
1.079879398000000101e+00 8.073214384000000621e+01
1.080441908999999923e+00 8.159243515000000002e+01
1.081001807000000037e+00 8.212499773000000403e+01
1.081560400000000088e+00 8.293021849000000145e+01
1.082134211000000068e+00 8.352436505000000011e+01
1.082687780999999960e+00 8.400266727999999716e+01
1.083244615999999994e+00 8.491613565000000108e+01
1.083836008000000017e+00 8.577697315000000344e+01
1.084370239000000069e+00 8.620698226000000375e+01
1.084933402999999963e+00 8.701436959999999488e+01
1.085487676000000068e+00 8.775963131999999689e+01
1.086046921000000109e+00 8.825611288999999715e+01
1.086614154000000054e+00 8.902578972000000590e+01
1.087176965000000051e+00 8.972303141999999809e+01
1.087755097999999920e+00 9.033237142000000119e+01
1.088321424999999953e+00 9.115115613000000394e+01
1.088851237000000083e+00 9.184595357999999976e+01
1.089429570000000069e+00 9.245177060999999696e+01
1.090003582000000026e+00 9.310289031000000648e+01
1.090549466999999995e+00 9.385439236000000562e+01
1.091130410999999967e+00 9.427897588999999812e+01
1.091653039999999963e+00 9.506167501999999558e+01
1.092234737999999927e+00 9.578523441999999477e+01
1.092823569000000106e+00 9.626000910999999860e+01
1.093361116000000077e+00 9.688454256999999359e+01
1.093929251999999908e+00 9.780940373999999338e+01
1.094510196000000102e+00 9.816209376999999847e+01
1.095045733999999937e+00 9.913660446999999465e+01
1.095627732999999937e+00 9.964610833999999784e+01
1.096190696000000075e+00 1.002028128999999979e+02
1.096744516000000003e+00 1.009431907000000024e+02
1.097276235999999905e+00 1.016320254999999975e+02
1.097860244999999901e+00 1.021670277999999996e+02
1.098421499999999940e+00 1.026971460999999977e+02
1.098975118999999889e+00 1.035422484999999995e+02
1.099538434000000064e+00 1.040026445000000024e+02
1.100116314999999956e+00 1.046355894000000006e+02
1.100680281000000038e+00 1.054128630000000015e+02
1.101226819000000079e+00 1.059161265000000043e+02
1.101796612000000009e+00 1.066071278999999947e+02
1.102367008999999953e+00 1.072905326000000059e+02
1.102886121999999913e+00 1.076920573999999959e+02
1.103494691999999944e+00 1.083977059999999994e+02
1.104065993000000079e+00 1.090130178000000001e+02
1.104606602999999909e+00 1.095797632999999962e+02
1.105150630000000023e+00 1.101777060000000006e+02
1.105731926000000032e+00 1.108445652999999993e+02
1.106286048000000077e+00 1.112935640000000035e+02
1.106831531000000091e+00 1.121196723000000048e+02
1.107416342999999914e+00 1.125488711999999936e+02
1.107990406999999955e+00 1.130203915000000023e+02
1.108517857000000051e+00 1.137830131999999992e+02
1.109091920000000009e+00 1.145044015000000002e+02
1.109691398999999912e+00 1.149070095999999950e+02
1.110247629999999930e+00 1.155418525000000045e+02
1.110787890000000111e+00 1.161069731999999988e+02
1.111373857000000021e+00 1.166574420000000032e+02
1.111931797000000000e+00 1.173348747999999944e+02
1.112462712999999992e+00 1.178744925000000023e+02
1.113018392999999939e+00 1.183533364000000034e+02
1.113600542999999998e+00 1.191382066999999978e+02
1.114156222000000085e+00 1.196751114999999999e+02
1.114712806000000000e+00 1.201034956999999963e+02
1.115289581000000085e+00 1.206588483999999966e+02
1.115847170000000110e+00 1.212627583000000016e+02
1.116395715999999982e+00 1.217394355999999931e+02
1.116985601000000106e+00 1.224781839000000048e+02
1.117541281000000053e+00 1.229296267999999941e+02
1.118098768999999937e+00 1.233919254000000052e+02
1.118657663000000024e+00 1.240007236999999947e+02
1.119236799000000060e+00 1.245362676000000022e+02
1.119796545999999893e+00 1.250368184000000014e+02
1.120311489999999965e+00 1.256217386999999945e+02
1.120909563000000109e+00 1.262934774999999945e+02
1.121478653000000048e+00 1.265512152999999955e+02
1.122042117999999977e+00 1.272568638999999990e+02
1.122595235999999996e+00 1.277414064999999965e+02
1.123143782999999951e+00 1.281708784999999864e+02
1.123705388999999943e+00 1.286543331999999964e+02
1.124262725999999990e+00 1.293084388000000047e+02
1.124826040000000082e+00 1.297235274999999888e+02
1.125402312999999932e+00 1.303079061999999908e+02
1.125962463000000024e+00 1.309096495000000004e+02
1.126512718000000079e+00 1.312919117000000142e+02
1.127092758000000083e+00 1.319017978999999912e+02
1.127650547000000003e+00 1.324072280000000035e+02
1.128212154000000078e+00 1.327873190999999906e+02
1.128787522000000099e+00 1.332097359999999924e+02
1.129354101000000110e+00 1.338299271999999860e+02
1.129892251000000014e+00 1.342224989000000051e+02
1.130479573999999987e+00 1.348057943000000023e+02
1.130995221000000051e+00 1.352075876000000108e+02
1.131575111000000078e+00 1.356633727999999905e+02
1.132143850999999923e+00 1.363334820000000036e+02
1.132720323999999890e+00 1.366644697000000122e+02
1.133274295999999959e+00 1.372247064000000023e+02
1.133831733000000064e+00 1.375529768000000104e+02
1.134388618000000015e+00 1.380641101999999876e+02
1.134964488999999910e+00 1.384716022000000066e+02
1.135519917999999961e+00 1.389699773000000107e+02
1.136079564999999958e+00 1.395557168999999931e+02
1.136639614999999992e+00 1.400307646999999918e+02
1.137214882999999954e+00 1.404621301999999901e+02
1.137756749000000012e+00 1.410012016000000017e+02
1.138315944999999996e+00 1.413454848000000084e+02
1.138883579000000035e+00 1.417925854000000072e+02
1.139448701000000064e+00 1.423840190999999891e+02
1.140027936999999936e+00 1.426224942999999996e+02
1.140580603000000082e+00 1.431884250999999892e+02
1.141136785000000042e+00 1.435601047000000108e+02
1.141685883999999929e+00 1.439279881999999873e+02
1.142258439999999986e+00 1.445432999999999879e+02
1.142829338999999944e+00 1.449022303000000136e+02
1.143381903999999949e+00 1.453349522000000036e+02
1.143944113000000096e+00 1.457199272000000008e+02
1.144503360000000081e+00 1.461990442000000030e+02
1.145072550999999939e+00 1.465156485999999916e+02
1.145633855000000034e+00 1.470878242999999941e+02
1.146182754000000026e+00 1.475023713999999870e+02
1.146746169000000037e+00 1.477074738000000025e+02
1.147325254000000072e+00 1.482394902000000059e+02
1.147874955999999891e+00 1.486887665000000140e+02
1.148443945999999993e+00 1.491155211999999892e+02
1.149020772000000079e+00 1.494820483000000024e+02
1.149572282000000056e+00 1.499948019999999929e+02
1.150119874999999903e+00 1.501101046999999937e+02
1.150694389999999956e+00 1.508575376000000006e+02
1.151267950999999901e+00 1.510938415999999904e+02
1.151794948999999901e+00 1.513125080000000082e+02
1.152358766000000090e+00 1.518041056000000140e+02
1.152941369000000105e+00 1.522327583000000004e+02
1.153502621999999977e+00 1.525159945000000050e+02
1.154068247000000103e+00 1.530656486000000029e+02
1.154621917999999914e+00 1.535420527999999933e+02
1.155192414999999917e+00 1.537078198000000100e+02
1.155729157999999979e+00 1.540925215999999978e+02
1.156306937999999951e+00 1.545672963000000095e+02
1.156881502999999922e+00 1.547270915000000002e+02
1.157409907999999987e+00 1.552436458999999900e+02
1.157965989999999890e+00 1.557656303999999921e+02
1.158569487000000064e+00 1.560157670000000110e+02
1.159112005999999973e+00 1.564004734000000099e+02
1.159668238000000073e+00 1.568318389000000082e+02
1.160237579999999991e+00 1.570499636000000123e+02
1.160821488000000068e+00 1.575540418999999872e+02
1.161362549999999993e+00 1.579078151999999875e+02
1.161916270999999945e+00 1.581104779000000065e+02
