1.000000000000000000e+00 0.000000000000000000e+00
1.000566451999999940e+00 1.960017840000000122e-01
1.001168357000000064e+00 1.264462799999999942e-01
1.001753976000000046e+00 1.620281419999999861e-01
1.002372213999999984e+00 1.115702459999999979e-01
1.002960059999999931e+00 1.620281419999999861e-01
1.003577560000000091e+00 2.601295479999999882e-01
1.004174987999999935e+00 3.867768529999999760e-01
1.004742618999999948e+00 2.725932509999999809e-01
1.005336000000000007e+00 2.896805969999999841e-01
1.005949713999999995e+00 4.484923000000000104e-01
1.006549488000000103e+00 5.013625189999999510e-01
1.007151595000000066e+00 6.211748969999999481e-01
1.007736630999999994e+00 7.208845090000000067e-01
1.008341619000000078e+00 9.148760099999999618e-01
1.008914298000000098e+00 1.150078168999999928e+00
1.009509701999999898e+00 1.473732368000000070e+00
1.010124535999999962e+00 1.630533817999999968e+00
1.010721380999999974e+00 2.041433952999999857e+00
1.011296356999999979e+00 2.436050884000000138e+00
1.011891024000000083e+00 2.811771220999999876e+00
1.012499464000000016e+00 3.245588489000000187e+00
1.013094071000000040e+00 3.661112435000000165e+00
1.013703106999999992e+00 4.194639247999999654e+00
1.014296440000000077e+00 4.669868252999999747e+00
1.014857571000000069e+00 5.295264543000000046e+00
1.015476714000000058e+00 5.889300631000000230e+00
1.016084798000000067e+00 6.472481405999999993e+00
1.016668595000000064e+00 7.241813615999999953e+00
1.017273214000000037e+00 7.835246667999999914e+00
1.017864048000000077e+00 8.458632839999999931e+00
1.018462594999999915e+00 9.254299618999999311e+00
1.019030118999999956e+00 1.001538966999999936e+01
1.019643512000000030e+00 1.068541429000000065e+01
1.020254082999999978e+00 1.152108544999999928e+01
1.020845761999999990e+00 1.237505003999999964e+01
1.021432345000000019e+00 1.307563082000000065e+01
1.022047809999999890e+00 1.395492491000000079e+01
1.022599797999999893e+00 1.472224667000000053e+01
1.023214094999999935e+00 1.558626285999999972e+01
1.023838451999999899e+00 1.642092896000000124e+01
1.024418905000000102e+00 1.716432829000000027e+01
1.025005952000000109e+00 1.803859674999999996e+01
1.025623606999999993e+00 1.904775492999999997e+01
1.026201082999999903e+00 1.971918662999999938e+01
1.026802404999999974e+00 2.067024767999999924e+01
1.027390679000000029e+00 2.163316909999999993e+01
1.027990452000000055e+00 2.240350636000000151e+01
1.028585690000000108e+00 2.321987904999999941e+01
1.029156095000000049e+00 2.415083721999999966e+01
1.029784500000000103e+00 2.498811647999999863e+01
1.030393689999999918e+00 2.586560147000000143e+01
1.030965786000000106e+00 2.689084160999999895e+01
1.031567893000000069e+00 2.770359574000000080e+01
1.032174963999999973e+00 2.849805611000000027e+01
1.032755523999999925e+00 2.942318460999999985e+01
1.033340332999999944e+00 3.025222171000000060e+01
1.033967786000000055e+00 3.119463856999999862e+01
1.034552332999999935e+00 3.205403115000000014e+01
1.035149070999999976e+00 3.277049286999999822e+01
1.035729201999999960e+00 3.369964093000000105e+01
1.036358786000000087e+00 3.469935087999999723e+01
1.036923429000000008e+00 3.553783655000000152e+01
1.037519738000000080e+00 3.636486521999999866e+01
1.038121582999999903e+00 3.729501699000000059e+01
1.038704274000000094e+00 3.806857179000000002e+01
1.039306548000000108e+00 3.900757011000000318e+01
1.039921963999999921e+00 4.002215695000000295e+01
1.040502797999999895e+00 4.090929017999999928e+01
1.041098094999999946e+00 4.172867972000000236e+01
1.041692916999999996e+00 4.265963756000000018e+01
1.042321167000000104e+00 4.351520923000000352e+01
1.042879904999999940e+00 4.450486859000000095e+01
1.043472060000000035e+00 4.529088544999999755e+01
1.044095036000000087e+00 4.617319573999999704e+01
1.044684702000000076e+00 4.716566791999999708e+01
1.045272226000000027e+00 4.806164768000000009e+01
1.045873655000000069e+00 4.886535425999999660e+01
1.046456975999999983e+00 4.981641665000000074e+01
1.047053929000000050e+00 5.083281124999999889e+01
1.047674143000000058e+00 5.159229186000000311e+01
1.048255332999999956e+00 5.252244701000000049e+01
1.048852392999999994e+00 5.367192087000000100e+01
1.049450357000000000e+00 5.444366792000000288e+01
1.050002179000000035e+00 5.531612659999999693e+01
1.050636332999999922e+00 5.623482136999999881e+01
1.051223119000000095e+00 5.727775222999999727e+01
1.051820975999999908e+00 5.806316539000000176e+01
1.052428404999999900e+00 5.907192086999999958e+01
1.053021999999999903e+00 5.993533401999999910e+01
1.053602774000000020e+00 6.096057516999999848e+01
1.054223036000000002e+00 6.200089220000000267e+01
1.054806262000000050e+00 6.281686184000000139e+01
1.055425298000000067e+00 6.373817044999999837e+01
1.055987500000000079e+00 6.471315527000000145e+01
1.056600785999999959e+00 6.557254819000000623e+01
1.057200713999999930e+00 6.645928005999999755e+01
1.057765368999999955e+00 6.752673368000000664e+01
1.058376678999999987e+00 6.839577583999999888e+01
1.058995667000000029e+00 6.936151277000000448e+01
1.059593154999999953e+00 7.017808612999999696e+01
1.060161262000000049e+00 7.137600856000000249e+01
1.060768060000000013e+00 7.219218055999999706e+01
1.061343023999999913e+00 7.311027162999999973e+01
1.061935298000000083e+00 7.394654819000000145e+01
1.062571571000000104e+00 7.488695291000000509e+01
1.063166666999999954e+00 7.585228849000000650e+01
1.063764417000000018e+00 7.667449084999999798e+01
1.064336726000000066e+00 7.653819405000000131e+01
1.064953368999999928e+00 7.749890231999999912e+01
1.065526369000000084e+00 7.864496302999999955e+01
1.066098631000000019e+00 7.955662237999999320e+01
1.066703130999999916e+00 8.062528342999999609e+01
1.067321857000000040e+00 8.153332389999999918e+01
1.067934023999999926e+00 8.247473705999999538e+01
1.068496643000000024e+00 8.346379269999999906e+01
1.069110631000000033e+00 8.327482474999999340e+01
1.069712106999999968e+00 8.391348915999999747e+01
1.070288773999999998e+00 8.509794447999999534e+01
1.070883392999999906e+00 8.612961733000000208e+01
1.071504181999999972e+00 8.713917549999999324e+01
1.072085273999999977e+00 8.814431209999999339e+01
1.072668442000000111e+00 8.893696640000000286e+01
1.073270235999999933e+00 8.695744869000000676e+01
1.073874318000000105e+00 8.929077415999999801e+01
1.074431088999999950e+00 9.020544868999999721e+01
1.075065294000000060e+00 9.132034582000000000e+01
1.075672994999999910e+00 9.243725645000000668e+01
1.076248338999999943e+00 9.325905409000000645e+01
1.076839702000000010e+00 9.312858866000000546e+01
1.077457142999999951e+00 9.353185003999999481e+01
1.078058299000000053e+00 9.475148242000000209e+01
1.078637953999999954e+00 9.539235931999999707e+01
1.079226495999999980e+00 9.641619067999999970e+01
1.079848034999999928e+00 9.724744194999999536e+01
1.080433436999999941e+00 9.651710805000000448e+01
1.081016924000000046e+00 9.763662913000000287e+01
1.081598708000000020e+00 9.835510130999999490e+01
1.082221311000000075e+00 9.945452120000000207e+01
1.082782286000000038e+00 1.003269798999999978e+02
1.083409306000000072e+00 1.011620489999999961e+02
1.084007321000000079e+00 9.994040316000000246e+01
1.084588200000000002e+00 1.008271349999999984e+02
1.085188556999999943e+00 1.015753610000000009e+02
1.085795247999999935e+00 1.025384841000000051e+02
1.086388420000000021e+00 1.036728820999999954e+02
1.086965893999999988e+00 1.043388855000000035e+02
1.087588707999999960e+00 1.052813036999999952e+02
1.088159051000000099e+00 1.059897219000000064e+02
1.088774523000000105e+00 1.044219106999999980e+02
1.089339542000000050e+00 1.056001332999999960e+02
1.089951501000000045e+00 1.062572901999999999e+02
1.090528600999999931e+00 1.069196747000000016e+02
1.091134174000000012e+00 1.079967809000000045e+02
1.091754381999999968e+00 1.088829091000000062e+02
1.092342393000000023e+00 1.096327438000000001e+02
1.092930455999999939e+00 1.103731283000000047e+02
1.093512664999999995e+00 1.060852126000000055e+02
1.094116429000000057e+00 1.085638804000000022e+02
1.094708430999999926e+00 1.091102716000000044e+02
1.095312300000000016e+00 1.107940794000000011e+02
1.095899192999999938e+00 1.114884267999999992e+02
1.096496463999999893e+00 1.124063187999999940e+02
1.097068029999999972e+00 1.132180692999999962e+02
1.097697018999999941e+00 1.141468145999999990e+02
1.098303175999999937e+00 1.149312227000000064e+02
1.098893742000000007e+00 1.157299074000000019e+02
1.099487711999999950e+00 1.121186493999999954e+02
1.100088973999999942e+00 1.143538736000000000e+02
1.100658731000000001e+00 1.145695769000000013e+02
1.101265313999999940e+00 1.156740219999999937e+02
1.101849333000000097e+00 1.164924031999999983e+02
1.102447189000000050e+00 1.175196543999999932e+02
1.103061596000000089e+00 1.182867741999999964e+02
1.103647317999999933e+00 1.189676544000000007e+02
1.104244749000000025e+00 1.198897690999999952e+02
1.104834515000000073e+00 1.204970710000000054e+02
1.105477767000000000e+00 1.160756746999999933e+02
1.106013037999999948e+00 1.183297926999999987e+02
1.106602910999999967e+00 1.195892328000000049e+02
1.107239614999999899e+00 1.202313137999999952e+02
1.107818739000000052e+00 1.210631654000000026e+02
1.108410155999999924e+00 1.219406493999999981e+02
1.109006786999999994e+00 1.226544975999999991e+02
1.109607357000000016e+00 1.233008011000000010e+02
1.110212398000000045e+00 1.237772362000000044e+02
1.110779705999999978e+00 1.242309563000000026e+02
1.111404862999999965e+00 1.248738398999999930e+02
1.111982070000000045e+00 1.254011349999999965e+02
1.112588761000000037e+00 1.259835127999999997e+02
1.113199921000000092e+00 1.266143390999999951e+02
1.113753819000000034e+00 1.272302851000000032e+02
1.114335655999999952e+00 1.277682345000000055e+02
1.114958257999999924e+00 1.253237421000000040e+02
1.115559361000000083e+00 1.241730608000000018e+02
1.116137737999999935e+00 1.253884706000000051e+02
1.116733838000000034e+00 1.264794487000000061e+02
1.117376238000000077e+00 1.272873778999999956e+02
1.117938756999999894e+00 1.279280523999999986e+02
1.118543051999999927e+00 1.287540726000000006e+02
1.119133138000000027e+00 1.294689258999999879e+02
1.119733442000000023e+00 1.303554588000000081e+02
1.120325923000000001e+00 1.309412531000000115e+02
1.120908612000000026e+00 1.315493610000000047e+02
1.121514236999999969e+00 1.322666258000000141e+02
1.122081332999999903e+00 1.327671856000000048e+02
1.122681690000000065e+00 1.291973408000000063e+02
1.123310199999999925e+00 1.306451384000000076e+02
1.123910610000000032e+00 1.311808786999999938e+02
1.124490157999999962e+00 1.318665818999999999e+02
1.125083011999999938e+00 1.327263762000000042e+02
1.125700984999999932e+00 1.334601265999999953e+02
1.126272551000000011e+00 1.343225347000000056e+02
1.126878601999999896e+00 1.348363592999999980e+02
1.127480395999999940e+00 1.355520186999999908e+02
1.128077347999999924e+00 1.361848516999999958e+02
1.128659556999999980e+00 1.368492497000000014e+02
1.129250813999999936e+00 1.373447808999999893e+02
1.129891723999999931e+00 1.336358264000000133e+02
1.130461374000000019e+00 1.352468585000000019e+02
1.131067692000000013e+00 1.355534250999999983e+02
1.131626432000000015e+00 1.363591452000000004e+02
1.132208214999999907e+00 1.371011349999999993e+02
1.132791649000000067e+00 1.379748011000000076e+02
1.133413135000000072e+00 1.386016037999999924e+02
1.134024826999999958e+00 1.391976511000000016e+02
1.134604375999999970e+00 1.398638568000000078e+02
1.135208245000000060e+00 1.404745785000000069e+02
1.135817169999999932e+00 1.409873981000000072e+02
1.136405713000000040e+00 1.417601501999999982e+02
1.136996171000000055e+00 1.422285414000000117e+02
1.137592589999999904e+00 1.428241873000000055e+02
1.138204549999999982e+00 1.434843626999999913e+02
1.138780480000000095e+00 1.441214182999999878e+02
1.139385786000000067e+00 1.445837792000000093e+02
1.139987738999999944e+00 1.451470607999999913e+02
1.140557709999999947e+00 1.455077015999999901e+02
1.141152160000000082e+00 1.461497860000000060e+02
1.141781785999999910e+00 1.467765886999999907e+02
1.142348828999999899e+00 1.471579376999999909e+02
1.142937904000000060e+00 1.475929596999999944e+02
