1.000000000000000000e+00 0.000000000000000000e+00
1.000596261999999959e+00 -3.761302700000000027e-02
1.001163464000000003e+00 4.577585399999999777e-02
1.001784368999999897e+00 5.729984500000000203e-02
1.002374238000000028e+00 7.170483399999999508e-02
1.002964487999999932e+00 2.356016009999999938e-01
1.003558130999999909e+00 2.023100700000000085e-01
1.004198249999999959e+00 2.269586100000000051e-01
1.004767417000000052e+00 3.041053280000000081e-01
1.005328237999999930e+00 4.420731150000000165e-01
1.005956738000000072e+00 4.123028040000000227e-01
1.006560713999999912e+00 6.607088239999999724e-01
1.007155274000000045e+00 6.763942699999999641e-01
1.007723119000000001e+00 1.015391691999999901e+00
1.008330332999999968e+00 1.273401036999999958e+00
1.008917975999999994e+00 1.541013764999999980e+00
1.009518595000000074e+00 1.937951251999999958e+00
1.010116511999999966e+00 2.381624882000000110e+00
1.010762106999999910e+00 2.670364892999999906e+00
1.011317119000000098e+00 2.999118759999999995e+00
1.011907048000000087e+00 3.713606246999999971e+00
1.012498035999999990e+00 4.384558662999999967e+00
1.013092904999999933e+00 4.835594860999999689e+00
1.013677511999999892e+00 5.442204796000000400e+00
1.014277440000000086e+00 6.113157535000000031e+00
1.014930011999999993e+00 6.959530252999999611e+00
1.015504237999999892e+00 7.547254205999999854e+00
1.016085332999999924e+00 8.237413175000000365e+00
1.016713036000000070e+00 9.056256891000000309e+00
1.017284392999999953e+00 9.888544752999999687e+00
1.017849892999999950e+00 1.045578159999999990e+01
1.018469618999999993e+00 1.128070693999999996e+01
1.019088868999999953e+00 1.224200017999999979e+01
1.019673797999999909e+00 1.273721178000000087e+01
1.020242643000000005e+00 1.358166398000000008e+01
1.020889463999999913e+00 1.439762692000000044e+01
1.021449368999999940e+00 1.525776495000000033e+01
1.022043451999999908e+00 1.587685892999999915e+01
1.022660201999999963e+00 1.699756731000000087e+01
1.023252202000000111e+00 1.770949372999999838e+01
1.023841594999999938e+00 1.850368921999999827e+01
1.024416404999999974e+00 1.927515591999999955e+01
1.025053226000000040e+00 2.025757644000000113e+01
1.025614511999999978e+00 2.088787450999999962e+01
1.026195345000000092e+00 2.182996096999999835e+01
1.026833536000000047e+00 2.266609040000000164e+01
1.027425011999999915e+00 2.350029985999999838e+01
1.028020047999999909e+00 2.438668653999999947e+01
1.028643439999999964e+00 2.514727032000000051e+01
1.029204368999999897e+00 2.601413014999999973e+01
1.029785297999999960e+00 2.695909739000000016e+01
1.030372083000000050e+00 2.775777408000000079e+01
1.031011560000000049e+00 2.858878212999999846e+01
1.031596428999999926e+00 2.948093090000000061e+01
1.032172725999999985e+00 3.029369244000000094e+01
1.032800286000000067e+00 3.116311350000000147e+01
1.033380154999999911e+00 3.210007805000000047e+01
1.033974439999999939e+00 3.290227622999999824e+01
1.034559368999999895e+00 3.375953293999999971e+01
1.035162332999999935e+00 3.457133422999999794e+01
1.035769332999999959e+00 3.538665645999999754e+01
1.036355643000000049e+00 3.618853454999999997e+01
1.036950999999999956e+00 3.715782992999999834e+01
1.037554179000000021e+00 3.799524024000000111e+01
1.038141226000000028e+00 3.903624077999999997e+01
1.038754678999999959e+00 3.987717203999999782e+01
1.039342476000000071e+00 4.056829126000000230e+01
1.039907286000000042e+00 4.150141425000000339e+01
1.040538559999999890e+00 4.253153132999999997e+01
1.041108952000000087e+00 4.312149587999999767e+01
1.041717404999999985e+00 4.414008825999999885e+01
1.042313070999999924e+00 4.504824293000000068e+01
1.042924345000000086e+00 4.585812370000000016e+01
1.043523369000000089e+00 4.664207482999999854e+01
1.044086416999999933e+00 4.773749426999999912e+01
1.044698225999999952e+00 4.845550339999999778e+01
1.045282714000000057e+00 4.933004583000000309e+01
1.045875832999999977e+00 5.028813765999999674e+01
1.046467951999999979e+00 5.122222144999999927e+01
1.047060475999999962e+00 5.213869889000000057e+01
1.047684738000000060e+00 5.297098728999999651e+01
1.048242094999999985e+00 5.402126871000000108e+01
1.048878261999999895e+00 5.479625796999999920e+01
1.049457225999999910e+00 5.584494217999999677e+01
1.050054285999999948e+00 5.641538255999999762e+01
1.050659905000000061e+00 5.746886269000000169e+01
1.051251106999999907e+00 5.841383047000000062e+01
1.051828476000000068e+00 5.948044164000000222e+01
1.052431976000000047e+00 6.012290672999999686e+01
1.053045642999999920e+00 6.113925473999999838e+01
1.053640571000000081e+00 6.197538792999999657e+01
1.054231560000000067e+00 6.270395935999999892e+01
1.054829357000000023e+00 6.379233744999999800e+01
1.055421047999999917e+00 6.470176816999999403e+01
1.056017143000000047e+00 6.556927084999999522e+01
1.056620582999999947e+00 6.645437827000000652e+01
1.057192845000000103e+00 6.727097870000000057e+01
1.057792451999999939e+00 6.835391640000000280e+01
1.058405905000000091e+00 6.924702596000000199e+01
1.058997321000000102e+00 6.999832562999999652e+01
1.059552285999999954e+00 7.096473808999999733e+01
1.060198892999999920e+00 7.185208502999999780e+01
1.060763963999999948e+00 7.278521069999999327e+01
1.061370119000000001e+00 7.366679501999999502e+01
1.061966964000000013e+00 7.475997440000000438e+01
1.062578550000000011e+00 7.540691855000000032e+01
1.063156237000000059e+00 7.635861026999999979e+01
1.063741266999999935e+00 7.738424399999999537e+01
1.064363230999999965e+00 7.841371768999999858e+01
1.064973487000000052e+00 7.903601629000000628e+01
1.065528980999999931e+00 8.000691317000000424e+01
1.066148974999999943e+00 8.090770265000000450e+01
1.066772430000000105e+00 8.201272412999999517e+01
1.067321909999999985e+00 8.270928696999999374e+01
1.067922373000000036e+00 8.352108610999999883e+01
1.068539067999999981e+00 8.443020533000000682e+01
1.069116222999999977e+00 8.536044701000000146e+01
1.069708595999999901e+00 8.618313229000000320e+01
1.070296021000000097e+00 8.700549533999999596e+01
1.070905479999999965e+00 8.801768653999999970e+01
1.071524144000000067e+00 8.888422789000000535e+01
1.072069472999999995e+00 8.958878749999999513e+01
1.072711873000000038e+00 9.046141371000000220e+01
1.073300947999999977e+00 9.131610759000000144e+01
1.073877568999999976e+00 9.208373380000000452e+01
1.074508100999999938e+00 9.312857805000000155e+01
1.075091001999999962e+00 9.393173595000000375e+01
1.075660864999999911e+00 9.491287450999999464e+01
1.076265320000000081e+00 9.566225151999999810e+01
1.076892181000000059e+00 9.641035033999999371e+01
1.077461086000000012e+00 9.702976495000000057e+01
1.078048192000000016e+00 9.820169298000000424e+01
1.078663823000000077e+00 9.879357804999999360e+01
1.079245286999999998e+00 9.970621500000000026e+01
1.079834468000000047e+00 1.004030946999999969e+02
1.080450045999999942e+00 1.013406994000000054e+02
1.081036939000000086e+00 1.020202965999999947e+02
1.081609409999999993e+00 1.028954791999999969e+02
1.082242974999999996e+00 1.038039540000000045e+02
1.082843278999999992e+00 1.044220904000000019e+02
1.083432672999999902e+00 1.053366445999999996e+02
1.083998811000000062e+00 1.061023481999999944e+02
1.084635782000000104e+00 1.067973106000000030e+02
1.085224911000000070e+00 1.075726166999999975e+02
1.085798338999999890e+00 1.084484438000000068e+02
1.086384167999999928e+00 1.091632503999999955e+02
1.086990644999999978e+00 1.099932988000000051e+02
1.087570034999999935e+00 1.105448509000000001e+02
1.088155382999999921e+00 1.116978852000000018e+02
1.088780486999999964e+00 1.122676864999999964e+02
1.089383025999999921e+00 1.128963815000000039e+02
1.089980243999999932e+00 1.137635618999999991e+02
1.090558356000000062e+00 1.145692815999999965e+02
1.091153285000000084e+00 1.153884438000000046e+02
1.091735973000000026e+00 1.160417949999999934e+02
1.092363844000000084e+00 1.168235028999999940e+02
1.092945681000000002e+00 1.174493192000000050e+02
1.093552690000000105e+00 1.181657263000000029e+02
1.094122661000000107e+00 1.189612043000000057e+02
1.094738610999999917e+00 1.195101946000000055e+02
1.095309378999999916e+00 1.203274394999999970e+02
1.095929531999999984e+00 1.211273965000000032e+02
1.096537765000000109e+00 1.216626167000000009e+02
1.097108693000000024e+00 1.224340882999999991e+02
1.097694734999999921e+00 1.231303288999999950e+02
1.098304299000000039e+00 1.239242009999999965e+02
1.098923760999999999e+00 1.246777455999999944e+02
1.099492134999999982e+00 1.253118809999999996e+02
1.100110850999999945e+00 1.259572246999999976e+02
1.100685450999999926e+00 1.265574340999999947e+02
1.101274845000000058e+00 1.273439486000000045e+02
1.101888294000000101e+00 1.279166232000000036e+02
1.102466938000000063e+00 1.285674126000000115e+02
1.103068146000000027e+00 1.291442494000000067e+02
1.103670579999999957e+00 1.299803826000000129e+02
1.104280887999999905e+00 1.306705383000000040e+02
1.104871187000000088e+00 1.312957155000000000e+02
1.105470479999999922e+00 1.318658336999999960e+02
1.106045133000000069e+00 1.325966445999999905e+02
1.106632558000000044e+00 1.333015318999999863e+02
1.107242068999999995e+00 1.339513546000000019e+02
1.107807407999999993e+00 1.345067467000000079e+02
1.108429160000000024e+00 1.352154739000000063e+02
1.109024779999999932e+00 1.358169614999999908e+02
1.109616994000000023e+00 1.364840720999999917e+02
1.110209742000000110e+00 1.372593836000000067e+02
1.110800253999999931e+00 1.375500442000000021e+02
1.111395182000000093e+00 1.383480786000000080e+02
1.112013581000000029e+00 1.389684545000000071e+02
1.112618249000000059e+00 1.395712203999999872e+02
1.113197318000000102e+00 1.400779550999999969e+02
1.113784051000000108e+00 1.407514727999999877e+02
1.114398299000000092e+00 1.414221010999999919e+02
1.114999932999999999e+00 1.419842170999999951e+02
1.115582194999999999e+00 1.424234116000000085e+02
1.116183670000000072e+00 1.430892385999999874e+02
1.116793979999999964e+00 1.438773535999999922e+02
1.117344683000000005e+00 1.443155865999999889e+02
1.117975694999999936e+00 1.450339164000000096e+02
1.118557264999999967e+00 1.455364888999999948e+02
1.119165232999999926e+00 1.459603127000000029e+02
1.119734989999999986e+00 1.464728101000000038e+02
1.120331780999999971e+00 1.472097058999999888e+02
1.120938205999999937e+00 1.477932719000000077e+02
1.121504768999999957e+00 1.484136425000000088e+02
1.122137270000000075e+00 1.489306242000000111e+02
1.122735073000000083e+00 1.495586801000000037e+02
1.123300892000000051e+00 1.498835942000000045e+02
1.123901567999999962e+00 1.503797648999999979e+02
1.124519540000000095e+00 1.511934867999999881e+02
1.125137991999999976e+00 1.515513707000000068e+02
1.125709982999999914e+00 1.520923588999999936e+02
1.126310235000000048e+00 1.526288627000000133e+02
1.126904311999999964e+00 1.531291956999999968e+02
1.127474440000000078e+00 1.537239647000000105e+02
1.128089112999999921e+00 1.543104093999999975e+02
1.128693195999999954e+00 1.546999797999999942e+02
1.129285198000000046e+00 1.553360431000000119e+02
1.129859371000000001e+00 1.558613439000000085e+02
1.130463293999999896e+00 1.562563600000000008e+02
1.131060245000000020e+00 1.569346735999999964e+02
1.131660869000000069e+00 1.573969184999999982e+02
1.132262662999999892e+00 1.578239432000000022e+02
1.132855675999999923e+00 1.583069936999999925e+02
1.133448049999999929e+00 1.587983632000000114e+02
1.134030845000000065e+00 1.592932504000000051e+02
1.134661111000000000e+00 1.599104255000000023e+02
1.135254922999999971e+00 1.603809894000000043e+02
1.135811480999999956e+00 1.607721655999999939e+02
1.136423014000000009e+00 1.612232021000000088e+02
1.137006980000000000e+00 1.618717466999999886e+02
1.137614254999999908e+00 1.622309089000000029e+02
1.138226426999999985e+00 1.626268862999999953e+02
1.138786392000000092e+00 1.633416929999999923e+02
1.139378127000000074e+00 1.637021387000000061e+02
1.139992055000000004e+00 1.641759035000000040e+02
1.140582726000000102e+00 1.646320636000000093e+02
1.141193514000000020e+00 1.650898186999999950e+02
1.141786900000000049e+00 1.655405383000000086e+02
1.142375920999999961e+00 1.662294158999999922e+02
1.142954033000000091e+00 1.664630946999999992e+02
1.143572591999999943e+00 1.669352590000000021e+02
1.144160175999999973e+00 1.674362310999999863e+02
1.144751698999999956e+00 1.678971923999999944e+02
1.145348704000000106e+00 1.682938090000000102e+02
1.145961513000000043e+00 1.688021440999999925e+02
1.146532973000000011e+00 1.691561881000000085e+02
1.147115821000000091e+00 1.695790560000000085e+02
1.147703300000000093e+00 1.701424502000000132e+02
1.148336757999999902e+00 1.703927778000000046e+02
1.148907153999999986e+00 1.708572569000000101e+02
1.149502349000000034e+00 1.714437015999999971e+02
1.150117767000000013e+00 1.717641312000000084e+02
1.150695559999999951e+00 1.723403342000000009e+02
1.151317842999999952e+00 1.727484760000000108e+02
1.151891698000000019e+00 1.732318434000000025e+02
1.152503016999999907e+00 1.736095716000000095e+02
1.153078414999999968e+00 1.740794964000000107e+02
1.153692237000000009e+00 1.745234868000000006e+02
1.154291688999999899e+00 1.748989808000000039e+02
1.154870174000000027e+00 1.751729927000000089e+02
1.155471807000000073e+00 1.757808819999999912e+02
1.156093824999999908e+00 1.762997810999999899e+02
1.156654907000000065e+00 1.766435834000000114e+02
1.157226738999999949e+00 1.769700979000000132e+02
1.157857536999999937e+00 1.775229281999999955e+02
1.158455765000000026e+00 1.778804900000000089e+02
1.159037869000000054e+00 1.781881161999999961e+02
1.159645197999999988e+00 1.786967735000000062e+02
1.160231983000000078e+00 1.792726542999999992e+02
1.160830212000000028e+00 1.797352161000000024e+02
1.161406355000000001e+00 1.799375253999999984e+02
1.162027095000000010e+00 1.806299207000000138e+02
1.162611752000000109e+00 1.808668058000000087e+02
1.163196198000000070e+00 1.813418487000000141e+02
1.163790381000000096e+00 1.818056886999999904e+02
1.164412876999999957e+00 1.820797058999999933e+02
1.164986360000000110e+00 1.825553878999999995e+02
1.165566013999999928e+00 1.830595662000000061e+02
1.166178664999999892e+00 1.834187283999999920e+02
1.166779342000000108e+00 1.838694427000000076e+02
1.167383955999999889e+00 1.843764995999999883e+02
1.167967921000000020e+00 1.846854093999999975e+02
1.168573069000000020e+00 1.850746628999999928e+02
1.169138994000000098e+00 1.855160968000000139e+02
1.169743661000000046e+00 1.857734652999999980e+02
1.170381112000000057e+00 1.863054899999999918e+02
1.170956190000000063e+00 1.867110700000000065e+02
1.171536324000000073e+00 1.870167734999999993e+02
1.172165686000000040e+00 1.874015479999999911e+02
1.172753536000000096e+00 1.880113599999999963e+02
1.173325155999999980e+00 1.883100226999999904e+02
1.173917689999999903e+00 1.887184867999999938e+02
1.174524327000000090e+00 1.892908443999999974e+02
1.175114412999999969e+00 1.894576221000000089e+02
1.175700720000000032e+00 1.900034115999999926e+02
1.176319437999999939e+00 1.904358819999999923e+02
1.176911918999999918e+00 1.908244963999999868e+02
1.177500726999999969e+00 1.913187445000000082e+02
1.178105767999999998e+00 1.917745822999999916e+02
1.178690851000000039e+00 1.919839379000000008e+02
1.179300575000000073e+00 1.924881107999999870e+02
1.179877995000000013e+00 1.929343460000000050e+02
1.180489899999999981e+00 1.931616232000000082e+02
1.181084510000000032e+00 1.936763599999999883e+02
