1.000000000000000000e+00 0.000000000000000000e+00
1.000524911000000072e+00 -1.982264900000000121e-02
1.001088978000000074e+00 -7.194253500000000190e-02
1.001658200000000054e+00 8.134119800000000344e-02
1.002189377999999964e+00 2.392384999999999911e-03
1.002741367000000050e+00 1.780620360000000069e-01
1.003288289000000111e+00 6.459447799999999684e-02
1.003883689000000023e+00 -6.630333500000000491e-02
1.004437411000000058e+00 1.982264559999999953e-01
1.004986766999999892e+00 -6.698687400000000181e-02
1.005537466999999907e+00 -4.750599800000000067e-02
1.006087522000000067e+00 8.407535600000000386e-02
1.006654455999999920e+00 2.648715540000000090e-01
1.007201777999999992e+00 -1.743025999999999950e-02
1.007770499999999902e+00 1.367076000000000055e-03
1.008311567000000020e+00 1.848974310000000010e-01
1.008876721999999893e+00 8.407535600000000386e-02
1.009426766999999892e+00 9.022721300000000055e-02
1.009982477999999961e+00 1.517457680000000031e-01
1.010551999999999895e+00 1.862645129999999927e-01
1.011116166999999955e+00 4.555790769999999990e-01
1.011659655999999963e+00 4.695916339999999800e-01
1.012226999999999988e+00 4.261868810000000174e-01
1.012769143999999955e+00 6.473118810000000334e-01
1.013316566999999946e+00 9.333731769999999983e-01
1.013869899999999991e+00 8.643356770000000244e-01
1.014453478000000075e+00 1.150738773000000048e+00
1.014992944000000064e+00 1.381775125999999965e+00
1.015531522000000075e+00 1.459015092000000013e+00
1.016130256000000065e+00 1.946720481999999919e+00
1.016685378000000028e+00 2.180832810000000066e+00
1.017199511000000056e+00 2.440919564000000097e+00
1.017775843999999985e+00 2.869498865000000176e+00
1.018351822000000073e+00 3.287141468000000177e+00
1.018881410999999959e+00 3.493912166999999958e+00
1.019443332999999896e+00 4.350045424000000160e+00
1.020006889000000028e+00 4.752991927000000061e+00
1.020562900000000051e+00 5.136457580000000078e+00
1.021086033000000004e+00 5.610834013999999925e+00
1.021664989000000023e+00 6.549334014000000259e+00
1.022236399999999934e+00 6.985773807000000168e+00
1.022770710999999944e+00 7.419821398999999928e+00
1.023344400000000043e+00 8.245878739000000124e+00
1.023895599999999906e+00 8.680609817000000561e+00
1.024446243999999950e+00 9.545629312000000866e+00
1.024988355999999934e+00 1.020011842000000080e+01
1.025568456000000017e+00 1.078078527999999991e+01
1.026130178000000059e+00 1.153848883000000036e+01
1.026656232999999974e+00 1.242059605999999938e+01
1.027211899999999956e+00 1.285122621999999915e+01
1.027813555999999906e+00 1.387243435999999974e+01
1.028320200000000018e+00 1.459664421999999995e+01
1.028906211000000015e+00 1.517731108000000084e+01
1.029448166999999970e+00 1.596030591999999970e+01
1.030021611000000004e+00 1.684036267999999836e+01
1.030549211000000076e+00 1.743264994999999828e+01
1.031130756000000037e+00 1.826178297999999955e+01
1.031685978000000059e+00 1.915175144000000174e+01
1.032204289000000053e+00 1.980965855999999903e+01
1.032815188999999911e+00 2.063024743000000072e+01
1.033373188999999970e+00 2.144810236000000003e+01
1.033904111000000015e+00 2.219384433000000101e+01
1.034437966999999903e+00 2.294163619000000054e+01
1.035023043999999892e+00 2.389893320999999915e+01
1.035562910999999975e+00 2.437433516000000111e+01
1.036106855999999965e+00 2.530053125999999963e+01
1.036695300000000097e+00 2.622843608000000160e+01
1.037275356000000093e+00 2.690719066999999853e+01
1.037799177999999989e+00 2.776537472000000051e+01
1.038356977999999931e+00 2.843558515999999869e+01
1.038935933000000089e+00 2.924592116999999902e+01
1.039461799999999991e+00 3.004908000000000001e+01
1.039991732999999918e+00 3.096502322999999990e+01
1.040581721999999987e+00 3.159695556999999866e+01
1.041152778000000056e+00 3.251494868999999710e+01
1.041674867000000004e+00 3.346609432999999711e+01
1.042250844000000010e+00 3.385331911000000105e+01
1.042834527999999983e+00 3.478156566999999910e+01
1.043377178999999932e+00 3.564931911000000042e+01
1.043918289999999915e+00 3.621802438000000279e+01
1.044498839000000068e+00 3.720027036999999837e+01
1.045024501999999966e+00 3.802530248000000057e+01
1.045552698999999919e+00 3.887562587000000036e+01
1.046142536999999928e+00 3.963059490999999923e+01
1.046690848999999979e+00 4.031208400999999952e+01
1.047244526999999925e+00 4.107423080000000226e+01
1.047792193999999899e+00 4.197718608000000273e+01
1.048373836999999975e+00 4.262518149000000278e+01
1.048931537000000080e+00 4.353189709000000107e+01
1.049460180000000076e+00 4.421441085000000015e+01
1.050067252999999923e+00 4.533439077999999967e+01
1.050603198999999988e+00 4.556132541000000202e+01
1.051127670000000069e+00 4.667583687999999853e+01
1.051684327999999891e+00 4.741405936000000310e+01
1.052283999999999997e+00 4.813245959000000340e+01
1.052791881000000096e+00 4.904122507000000297e+01
1.053372580000000003e+00 5.007986383000000075e+01
1.053921042000000030e+00 5.044487357999999944e+01
1.054476259000000082e+00 5.140217059999999805e+01
1.055039572999999953e+00 5.215714021000000145e+01
1.055586297000000062e+00 5.291313505000000106e+01
1.056157607000000054e+00 5.380481222000000230e+01
1.056712824000000106e+00 5.457823711000000344e+01
1.057251053999999968e+00 5.517496703999999852e+01
1.057817943999999954e+00 5.615994754999999827e+01
1.058394271000000053e+00 5.697096703999999789e+01
1.058959522000000097e+00 5.773413791000000117e+01
1.059503316000000028e+00 5.846108172000000280e+01
1.060050088999999973e+00 5.929568608000000296e+01
1.060592291999999937e+00 6.012174112000000292e+01
1.061174430999999974e+00 6.097685006999999757e+01
1.061727362999999924e+00 6.153120212999999694e+01
1.062268970999999951e+00 6.231283057000000269e+01
1.062823641999999902e+00 6.316383401000000219e+01
1.063373246999999910e+00 6.415223423999999852e+01
1.063921807999999913e+00 6.479647162999999921e+01
1.064480550999999942e+00 6.555724571000000367e+01
1.065037607000000053e+00 6.631939594000000682e+01
1.065606631999999943e+00 6.692432712999999467e+01
1.066179234000000031e+00 6.807677553000000614e+01
1.066730726999999934e+00 6.874459088999999778e+01
1.067281423000000062e+00 6.954535923999999625e+01
1.067804752000000024e+00 7.033040511000000095e+01
1.068383711999999930e+00 7.099446475000000589e+01
1.068976232000000026e+00 7.173097850999999991e+01
1.069494345999999929e+00 7.272586956000000669e+01
1.070049513000000063e+00 7.344803125999999338e+01
1.070638258000000009e+00 7.396307713000000206e+01
1.071168193000000102e+00 7.474607025000000249e+01
1.071720430000000057e+00 7.571122506999999757e+01
1.072293181000000040e+00 7.633154043999999772e+01
1.072822669000000007e+00 7.700585236000000577e+01
1.073382556000000099e+00 7.777414937999999722e+01
1.073950538000000066e+00 7.855338677000000303e+01
1.074507593000000094e+00 7.912653469999999345e+01
1.075054763000000024e+00 7.993721130999999502e+01
1.075600195999999897e+00 8.070517001999999707e+01
1.076176323999999962e+00 8.150217689999999493e+01
1.076712319000000084e+00 8.216725717999999290e+01
1.077260732000000054e+00 8.279850718000000143e+01
1.077853052999999894e+00 8.362251521000000309e+01
1.078413733999999957e+00 8.438329502000000559e+01
1.078949479999999905e+00 8.475616200000000333e+01
1.079514781000000090e+00 8.543765281999999672e+01
1.080062795999999992e+00 8.641203928999999562e+01
1.080603460000000071e+00 8.695579501999999650e+01
1.081162501000000109e+00 8.761711956000000612e+01
1.081734457999999899e+00 8.855561726999999905e+01
1.082268118000000001e+00 8.903683286999999780e+01
1.082847276999999941e+00 8.976069755000000328e+01
1.083404282000000052e+00 9.053207369000000426e+01
1.083945740999999963e+00 9.107959089000000574e+01
1.084481239000000041e+00 9.183831795999999770e+01
1.085053443000000062e+00 9.259158057000000497e+01
1.085624107999999977e+00 9.316199342000000172e+01
1.086163530000000099e+00 9.393746932999999899e+01
1.086712737999999900e+00 9.455230878000000416e+01
1.087320158999999897e+00 9.516578929000000642e+01
1.087838818000000041e+00 9.604960235999999441e+01
1.088390259999999943e+00 9.645221130999999559e+01
1.088951089999999899e+00 9.697545671999999684e+01
1.089514056999999925e+00 9.783842690000000175e+01
1.090061028999999904e+00 9.836953929000000585e+01
1.090623993999999986e+00 9.897412644000000626e+01
1.091174443000000105e+00 9.976293377999999734e+01
1.091748286999999928e+00 1.002342354000000029e+02
1.092266152000000101e+00 1.006276127000000002e+02
1.092858571999999917e+00 1.011563282999999984e+02
1.093390642999999995e+00 1.013798431999999963e+02
1.093964388000000065e+00 1.014635760000000033e+02
1.094510316999999899e+00 1.022862192999999991e+02
1.095075765999999895e+00 1.027865690999999941e+02
1.095611810000000075e+00 1.031662766999999974e+02
1.096173088000000018e+00 1.037185759999999988e+02
1.096749812000000102e+00 1.046187996000000027e+02
1.097288985999999911e+00 1.048118958999999961e+02
1.097825526999999912e+00 1.055572973000000019e+02
1.098406076999999925e+00 1.062046081000000015e+02
1.098964671000000060e+00 1.067172628999999944e+02
1.099518199999999890e+00 1.072497400000000027e+02
1.100061098999999931e+00 1.082446309999999983e+02
1.100637327000000054e+00 1.083888568999999933e+02
1.101170042999999987e+00 1.090703477999999933e+02
1.101726302999999962e+00 1.096311907000000048e+02
1.102286437999999924e+00 1.100173948000000053e+02
1.102846522999999967e+00 1.107429682000000071e+02
1.103390513999999989e+00 1.113120164000000045e+02
1.103954474000000019e+00 1.117412767000000002e+02
1.104529062999999978e+00 1.122887939000000017e+02
1.105069131000000038e+00 1.129388397000000026e+02
1.105620771999999974e+00 1.133052158999999932e+02
1.106175541999999901e+00 1.140475380999999970e+02
1.106741240000000071e+00 1.145721597000000003e+02
1.107315183000000092e+00 1.147932835999999952e+02
1.107848246999999953e+00 1.153770277999999934e+02
1.108385930999999935e+00 1.158835301000000015e+02
1.108969907999999949e+00 1.163784097000000060e+02
1.109538238000000065e+00 1.167987880999999959e+02
1.110076566999999903e+00 1.173093901999999957e+02
1.110645641999999933e+00 1.179744761999999980e+02
1.111180642999999968e+00 1.182270450000000039e+02
1.111750116999999927e+00 1.188268501000000015e+02
1.112308612000000085e+00 1.191874176999999975e+02
1.112872421999999917e+00 1.196477789999999999e+02
1.113390437000000066e+00 1.202971425000000067e+02
1.113962343000000077e+00 1.207038512000000026e+02
1.114534200000000030e+00 1.210849235000000022e+02
1.115057181000000064e+00 1.217192469000000017e+02
1.115645428999999966e+00 1.220070163999999977e+02
1.116205563000000067e+00 1.224349119999999971e+02
1.116747519000000022e+00 1.231099063000000058e+02
1.117294589999999976e+00 1.234174979999999948e+02
1.117864111999999910e+00 1.239028133999999994e+02
1.118409446000000029e+00 1.245374807999999973e+02
1.118992328999999897e+00 1.250036563000000029e+02
1.119525641999999932e+00 1.253946368000000007e+02
1.120062579999999919e+00 1.259934212000000002e+02
1.120615313999999918e+00 1.264578822000000002e+02
1.121182949000000040e+00 1.267531745999999941e+02
1.121706228000000083e+00 1.272528420000000011e+02
1.122311861000000022e+00 1.276506631000000027e+02
1.122874528999999955e+00 1.281681001000000037e+02
1.123392442999999963e+00 1.288075495999999873e+02
1.123964747999999902e+00 1.291274463999999966e+02
1.124519419000000076e+00 1.294056458999999961e+02
1.125066987000000074e+00 1.302423030999999867e+02
1.125615250000000067e+00 1.304401871999999969e+02
1.126185070000000010e+00 1.308212594999999965e+02
1.126765867999999893e+00 1.314094417999999962e+02
1.127290686999999902e+00 1.316555198000000075e+02
1.127857228999999961e+00 1.323021482000000049e+02
1.128428986999999939e+00 1.326821941000000038e+02
1.128948590000000030e+00 1.330061906999999906e+02
1.129521390999999930e+00 1.335882262000000082e+02
1.130110482999999943e+00 1.338845393000000001e+02
1.130629590000000073e+00 1.341617181999999957e+02
1.131203186000000027e+00 1.348008236999999951e+02
1.131760042000000022e+00 1.354091780999999912e+02
1.132290572999999911e+00 1.354614659000000074e+02
1.132841420000000099e+00 1.360469189000000085e+02
1.133403490999999930e+00 1.366265576000000124e+02
1.133997849000000002e+00 1.369221884000000102e+02
1.134513727000000083e+00 1.373340231999999901e+02
1.135064424000000072e+00 1.378935013999999910e+02
1.135659726000000092e+00 1.381532434000000080e+02
1.136221002999999952e+00 1.386177102000000048e+02
1.136746913999999942e+00 1.393391838000000007e+02
1.137320957000000021e+00 1.393374751000000060e+02
1.137879650999999992e+00 1.400996253000000138e+02
1.138401489999999905e+00 1.406033925000000124e+02
1.138962867000000045e+00 1.406098833000000070e+02
1.139545749999999913e+00 1.412684784999999863e+02
1.140090833999999997e+00 1.415487251000000128e+02
1.140622309999999917e+00 1.418720393000000115e+02
1.141206484000000021e+00 1.425125208999999984e+02
1.141759616000000088e+00 1.428809440999999936e+02
1.142283887999999914e+00 1.430962595000000022e+02
1.142849586000000084e+00 1.436639429999999891e+02
1.143444042999999910e+00 1.441584842000000037e+02
1.143954010999999937e+00 1.444312136000000066e+02
1.144519112000000005e+00 1.448160473000000081e+02
1.145083716999999890e+00 1.452887135999999941e+02
1.145641665999999947e+00 1.455525610999999913e+02
1.146185559000000076e+00 1.461075955000000022e+02
1.146756123999999932e+00 1.466732205000000135e+02
1.147321722999999905e+00 1.468051470999999992e+02
1.147852402999999910e+00 1.472357777999999939e+02
1.148411692999999900e+00 1.475635358000000110e+02
1.148993037000000106e+00 1.479951872000000037e+02
1.149529827000000060e+00 1.484541838000000098e+02
1.150057923999999954e+00 1.489066894999999988e+02
1.150618903000000026e+00 1.491818156999999871e+02
1.151231241000000072e+00 1.498643270999999970e+02
1.151748411000000027e+00 1.501538052999999877e+02
1.152310780999999951e+00 1.503800553000000093e+02
1.152868232999999965e+00 1.508332433999999864e+02
1.153436314999999990e+00 1.513305197999999905e+02
1.153979263999999949e+00 1.514005828999999892e+02
1.154517792000000043e+00 1.519843271000000016e+02
1.155062280000000108e+00 1.524221310000000074e+02
1.155623657000000026e+00 1.525366263999999887e+02
1.156223975000000070e+00 1.531873546999999860e+02
1.156766675000000077e+00 1.536552388000000064e+02
1.157305103999999973e+00 1.537741723000000036e+02
1.157865487000000027e+00 1.543319418000000098e+02
1.158424380000000031e+00 1.544799291999999866e+02
1.158989033999999974e+00 1.549286735000000022e+02
1.159542563000000026e+00 1.552342125000000124e+02
1.160070858999999954e+00 1.557489199999999983e+02
1.160633229000000100e+00 1.559372342000000060e+02
1.161183279999999929e+00 1.564051183999999921e+02
1.161765418999999966e+00 1.568928247999999996e+02
1.162308219000000031e+00 1.570216723000000059e+02
1.162859660999999933e+00 1.574047916000000100e+02
1.163404646000000042e+00 1.579208638000000064e+02
1.163980328000000064e+00 1.580767125000000135e+02
1.164531471999999956e+00 1.585220392999999888e+02
1.165085597000000028e+00 1.589034556000000009e+02
1.165629489000000074e+00 1.591662766999999974e+02
1.166190169999999915e+00 1.596703879000000086e+02
1.166756115999999954e+00 1.599526872000000139e+02
1.167322460000000062e+00 1.601591150000000141e+02
1.167874596999999959e+00 1.607339715999999896e+02
1.168411933000000014e+00 1.608125783000000126e+02
1.169002018999999892e+00 1.611734899999999868e+02
1.169523459999999959e+00 1.616328248000000087e+02
1.170070332999999962e+00 1.619981803000000014e+02
1.170637670000000075e+00 1.621594934000000023e+02
1.171211562999999956e+00 1.626468557999999973e+02
1.171751382999999924e+00 1.630040060000000040e+02
1.172298354000000042e+00 1.631154223000000059e+02
1.172887546999999975e+00 1.637080541999999923e+02
1.173402430999999968e+00 1.639059383999999966e+02
1.173982582999999913e+00 1.641725208999999950e+02
1.174536210999999941e+00 1.645956286999999918e+02
1.175085866000000090e+00 1.650149807999999894e+02
1.175627274000000000e+00 1.648909154000000115e+02
1.176204644000000021e+00 1.655108868000000086e+02
1.176749928000000001e+00 1.657532032999999956e+02
1.177293621000000012e+00 1.659158868000000098e+02
1.177861156999999936e+00 1.663403649999999914e+02
1.178429586999999890e+00 1.666028420000000096e+02
1.178990168999999977e+00 1.671397628999999938e+02
1.179524822000000084e+00 1.674063454999999863e+02
1.180072191000000048e+00 1.678458580999999867e+02
1.180645390000000017e+00 1.679101127000000133e+02
1.181180042999999902e+00 1.682908409000000063e+02
1.181746882999999970e+00 1.686394474999999886e+02
1.182336075999999903e+00 1.688950896999999998e+02
1.182860894000000052e+00 1.691281802999999968e+02
1.183409555999999974e+00 1.695143787000000088e+02
1.183996164000000073e+00 1.698903248000000019e+02
1.184523466999999997e+00 1.702546539999999879e+02
1.185088519000000007e+00 1.704470680000000016e+02
1.185624067000000004e+00 1.708158409000000120e+02
1.186219716000000091e+00 1.711958868000000109e+02
1.186736983999999939e+00 1.714655426999999861e+02
1.187297268000000017e+00 1.717789429999999982e+02
1.187885665999999896e+00 1.720680829000000074e+02
1.188425287000000052e+00 1.724952962000000127e+02
1.188944342999999959e+00 1.723862708999999995e+02
1.189568304000000021e+00 1.730393902000000139e+02
1.190102760000000037e+00 1.733599751000000140e+02
1.190624995999999935e+00 1.734771997999999940e+02
1.191203557999999996e+00 1.740841838000000052e+02
1.191744270999999911e+00 1.742270450000000039e+02
1.192289554000000029e+00 1.743965575999999942e+02
1.192841891000000043e+00 1.749515920000000051e+02
1.193433269000000019e+00 1.752055312999999899e+02
1.193977558999999911e+00 1.754348546999999883e+02
1.194536451000000055e+00 1.756040346999999997e+02
1.195087396999999996e+00 1.762947513999999956e+02
1.195652847000000074e+00 1.763593443000000036e+02
1.196191175999999912e+00 1.765818385999999975e+02
1.196739836999999973e+00 1.770842354000000114e+02
1.197324856000000048e+00 1.771324291999999900e+02
1.197897457999999915e+00 1.774502731999999980e+02
1.198394262000000099e+00 1.776461046999999951e+02
1.198968653000000106e+00 1.781064715999999919e+02
1.199544930000000065e+00 1.783289658999999858e+02
1.200073127000000017e+00 1.787852273999999966e+02
1.200637383999999974e+00 1.789882377000000133e+02
1.201184553999999904e+00 1.792575496000000044e+02
1.201753480999999901e+00 1.797059556000000100e+02
1.202309591999999983e+00 1.797408121999999935e+02
1.202849212999999917e+00 1.801341894999999909e+02
1.203437113999999974e+00 1.805607205000000022e+02
1.203969284000000028e+00 1.807613397000000077e+02
1.204548442000000108e+00 1.810528706999999997e+02
1.205085976999999975e+00 1.814124119999999891e+02
1.205648545999999932e+00 1.814503478000000030e+02
1.206206743000000081e+00 1.817104338000000041e+02
1.206744575999999958e+00 1.821779739000000120e+02
1.207314594000000074e+00 1.824014888000000099e+02
1.207859679000000019e+00 1.827743614999999977e+02
1.208406650999999998e+00 1.829766894999999920e+02
1.208979153999999889e+00 1.832753993999999977e+02
1.209514801000000084e+00 1.835375324000000035e+02
1.210068925999999934e+00 1.840016550999999936e+02
1.210647288999999960e+00 1.841065806000000009e+02
1.211197539999999906e+00 1.844186161000000084e+02
1.211760108000000002e+00 1.848171196000000123e+02
1.212289098999999926e+00 1.848181458999999904e+02
1.212862297999999894e+00 1.853232835999999963e+02
1.213413142999999916e+00 1.854521310000000085e+02
1.213980282000000077e+00 1.856708581000000038e+02
1.214520499000000031e+00 1.860666321999999866e+02
1.215081478000000104e+00 1.862733982000000026e+02
1.215652986999999907e+00 1.864295908999999938e+02
1.216193203000000000e+00 1.865874865000000113e+02
1.216760043999999930e+00 1.870830541999999923e+02
1.217301849999999908e+00 1.873393786999999975e+02
1.217874850000000064e+00 1.875092410999999970e+02
1.218423012999999999e+00 1.880536792000000048e+02
1.218979025999999966e+00 1.880352215999999999e+02
1.219544277000000010e+00 1.883018041999999923e+02
1.220085387999999993e+00 1.887078247999999974e+02
1.220653320000000042e+00 1.888441952999999955e+02
1.221196914000000078e+00 1.891931401999999878e+02
1.221759582000000011e+00 1.896261619999999937e+02
1.222286487999999949e+00 1.897601356000000123e+02
1.222850645999999930e+00 1.900195392999999910e+02
1.223419076000000105e+00 1.904241953000000080e+02
1.223977968000000027e+00 1.904023203000000137e+02
1.224531397000000021e+00 1.908165462000000048e+02
1.225086415999999900e+00 1.912646081000000038e+02
1.225630506999999980e+00 1.911607089999999971e+02
1.226197248000000073e+00 1.916371368000000075e+02
1.226750677000000067e+00 1.918374120000000005e+02
1.227326557000000040e+00 1.920998891000000128e+02
1.227830216999999946e+00 1.921617525999999998e+02
1.228410070000000021e+00 1.927461792000000003e+02
1.228985752000000042e+00 1.928459727999999984e+02
1.229520603999999961e+00 1.930759841999999935e+02
1.230071649000000100e+00 1.934136563000000137e+02
1.230634119000000082e+00 1.934809841999999946e+02
1.231206918999999900e+00 1.938025896999999986e+02
1.231734619000000031e+00 1.940038913999999863e+02
1.232301161000000089e+00 1.942359497999999860e+02
1.232852602999999991e+00 1.945596080999999913e+02
1.233425106000000104e+00 1.949608465999999964e+02
1.233958169999999965e+00 1.950479968999999869e+02
1.234543587000000109e+00 1.954892239000000131e+02
1.235076650999999970e+00 1.956026871999999912e+02
1.235625610000000041e+00 1.957493098999999859e+02
1.236207351000000010e+00 1.960326355999999919e+02
1.236738131000000074e+00 1.963388626999999929e+02
1.237295236000000020e+00 1.963101527999999973e+02
1.237871911000000047e+00 1.967616322000000082e+02
1.238430603999999935e+00 1.969434497999999962e+02
1.238969728999999909e+00 1.969290977999999939e+02
