1.000000000000000000e+00 0.000000000000000000e+00
1.000569306999999908e+00 -7.102914999999999576e-03
1.001115806999999913e+00 3.619923900000000111e-02
1.001698227000000108e+00 6.854747999999999397e-02
1.002280749999999943e+00 9.867072500000000079e-02
1.002822260999999937e+00 8.309563500000000102e-02
1.003427590999999897e+00 1.679028280000000040e-01
1.003994306999999919e+00 1.857029149999999962e-01
1.004554624999999923e+00 1.661912710000000015e-01
1.005116727000000099e+00 2.227579179999999992e-01
1.005686840999999943e+00 3.088487580000000010e-01
1.006261692999999902e+00 3.175776599999999839e-01
1.006830692999999943e+00 3.605375020000000097e-01
1.007427999999999990e+00 4.805169850000000076e-01
1.007964432000000077e+00 5.003709400000000418e-01
1.008529784000000040e+00 5.599327929999999842e-01
1.009094010999999957e+00 6.339572289999999555e-01
1.009678658999999978e+00 6.807680550000000386e-01
1.010253306999999934e+00 7.730204739999999575e-01
1.010809716000000025e+00 9.036971280000000162e-01
1.011392784000000100e+00 9.381848099999999802e-01
1.011950204999999992e+00 1.041134401000000098e+00
1.012527693000000006e+00 1.203389116999999953e+00
1.013086442999999948e+00 1.266716382000000030e+00
1.013647669999999890e+00 1.394055505999999944e+00
1.014240352000000067e+00 1.542189891999999896e+00
1.014809148000000105e+00 1.654724279000000076e+00
1.015369159000000021e+00 1.785743230000000015e+00
1.015920635999999933e+00 1.998231816000000105e+00
1.016493705000000025e+00 2.046583001000000124e+00
1.017085317999999905e+00 2.275673739999999778e+00
1.017643658999999978e+00 2.495350839999999959e+00
1.018197317999999907e+00 2.654439138999999948e+00
1.018783192999999976e+00 2.908518391999999952e+00
1.019346295000000069e+00 3.111507910999999904e+00
1.019893466000000082e+00 3.319118678999999794e+00
1.020474909000000041e+00 3.582782570000000000e+00
1.021047625000000014e+00 3.882560171999999810e+00
1.021622669999999955e+00 4.086148685999999586e+00
1.022181363999999926e+00 4.364275175999999590e+00
1.022759101999999976e+00 4.680483646999999969e+00
1.023331205000000077e+00 4.918816597000000179e+00
1.023888375000000073e+00 5.246492404999999692e+00
1.024478011000000022e+00 5.552003675999999999e+00
1.025032841000000028e+00 5.826108054999999730e+00
1.025593363999999896e+00 6.173552132000000192e+00
1.026181863999999999e+00 6.576279340000000140e+00
1.026756863999999991e+00 6.863648183999999652e+00
1.027308851999999995e+00 7.234626073000000268e+00
1.027884669999999945e+00 7.581899153000000169e+00
1.028454329999999972e+00 7.922496998999999818e+00
1.029030544999999908e+00 8.370751414000000779e+00
1.029564249999999959e+00 8.737108197999999604e+00
1.030163783999999971e+00 9.084381133999999136e+00
1.030714499999999978e+00 9.542648039999999554e+00
1.031280205000000061e+00 9.888209419000000722e+00
1.031879226999999899e+00 1.027869901000000041e+01
1.032446602000000047e+00 1.072541301000000047e+01
1.032998443000000099e+00 1.117238357999999998e+01
1.033558101999999979e+00 1.155191924999999920e+01
1.034137260999999919e+00 1.199863324999999925e+01
1.034700068000000028e+00 1.245441832000000026e+01
1.035264602000000034e+00 1.281067703999999985e+01
1.035833658999999907e+00 1.329983726999999938e+01
1.036412874999999900e+00 1.376375228000000028e+01
1.036976136000000048e+00 1.417135730000000038e+01
1.037537260999999988e+00 1.461404847000000018e+01
1.038121306999999938e+00 1.512871179000000055e+01
1.038714080000000095e+00 1.552176850000000030e+01
1.039252966000000056e+00 1.599364214999999945e+01
1.039819682000000078e+00 1.646277783000000028e+01
1.040397226999999925e+00 1.688946556000000143e+01
1.040954238999999948e+00 1.744323727000000090e+01
1.041528977000000022e+00 1.788533059999999963e+01
1.042101544999999962e+00 1.834710517999999979e+01
1.042663125000000024e+00 1.883386899999999997e+01
1.043246455000000017e+00 1.933389771999999951e+01
1.043816273000000017e+00 1.977068593999999990e+01
1.044387318000000064e+00 2.027293863999999957e+01
1.044953011000000043e+00 2.075080368000000064e+01
1.045503988999999967e+00 2.123953591000000074e+01
1.046090364000000106e+00 2.175051795999999982e+01
1.046665613999999911e+00 2.228417912000000101e+01
1.047203125000000012e+00 2.266799247999999878e+01
1.047789851999999966e+00 2.325222937999999928e+01
1.048368919999999926e+00 2.371614466999999848e+01
1.048925375000000049e+00 2.419024372999999883e+01
1.049474977000000031e+00 2.471885535999999917e+01
1.050054443000000060e+00 2.524472757999999928e+01
1.050632647999999891e+00 2.570778715999999875e+01
1.051210283999999939e+00 2.622621502000000149e+01
1.051749011000000067e+00 2.675183167000000140e+01
1.052332239000000058e+00 2.720188192000000171e+01
1.052892409000000029e+00 2.774914968999999942e+01
1.053481579999999918e+00 2.829787187000000159e+01
1.054044181999999941e+00 2.874244617000000090e+01
1.054592817999999932e+00 2.932368809999999826e+01
1.055161817999999974e+00 2.981233561999999893e+01
1.055732045000000063e+00 3.030474767999999841e+01
1.056324510999999911e+00 3.081555888000000110e+01
1.056911147999999967e+00 3.137429398000000091e+01
1.057444738999999911e+00 3.182511523000000153e+01
1.058029794999999940e+00 3.238795801999999924e+01
1.058586102000000029e+00 3.290698457999999960e+01
1.059146931999999985e+00 3.336097165999999703e+01
1.059724010999999910e+00 3.385886110999999943e+01
1.060305966000000044e+00 3.443137366999999927e+01
1.060858920000000039e+00 3.490761200000000031e+01
1.061421068000000023e+00 3.545958616000000063e+01
1.062016033999999998e+00 3.597185177000000067e+01
1.062567102000000041e+00 3.649207719000000338e+01
1.063161044999999971e+00 3.698183597999999961e+01
1.063696272999999914e+00 3.754630547000000007e+01
1.064281636000000031e+00 3.800097739999999646e+01
1.064850794999999906e+00 3.853309800000000251e+01
1.065407556999999894e+00 3.906316404999999747e+01
1.065983670000000050e+00 3.953281229000000252e+01
1.066581068000000077e+00 4.009000683000000009e+01
1.067123408999999912e+00 4.060740813000000315e+01
1.067687784000000084e+00 4.107311954000000043e+01
1.068265330000000013e+00 4.164554738999999728e+01
1.068827874999999983e+00 4.216098027000000315e+01
1.069380522999999972e+00 4.257816907000000128e+01
1.069963999999999915e+00 4.311918989000000124e+01
1.070516193000000005e+00 4.364394939999999679e+01
1.071091090999999995e+00 4.404145694000000333e+01
1.071665579999999895e+00 4.460173260999999911e+01
1.072264909000000044e+00 4.510099032000000108e+01
1.072795158999999998e+00 4.552930475000000143e+01
1.073367511000000052e+00 4.606964072000000243e+01
1.073923613999999915e+00 4.654074480999999963e+01
1.074524580000000062e+00 4.697342392000000189e+01
1.075061727000000023e+00 4.750246340000000345e+01
1.075612545000000031e+00 4.798135357000000312e+01
1.076228285000000007e+00 4.842395944999999813e+01
1.076775038999999934e+00 4.886143109999999723e+01
1.077346735000000111e+00 4.938148566000000272e+01
1.077942409000000046e+00 4.981758760000000308e+01
1.078484793999999969e+00 5.028834854000000121e+01
1.079060911000000011e+00 5.074533203000000015e+01
1.079628137999999904e+00 5.118545694000000168e+01
1.080214514999999986e+00 5.169061990000000151e+01
1.080761014999999992e+00 5.212458257000000117e+01
1.081326819000000050e+00 5.251798243000000355e+01
1.081901309000000033e+00 5.298857251999999818e+01
1.082485045000000090e+00 5.343143540999999885e+01
1.083014527000000005e+00 5.382885679999999695e+01
1.083610355000000025e+00 5.422858830999999924e+01
1.084194800999999986e+00 5.464320999000000256e+01
1.084736069000000080e+00 5.504662276999999904e+01
1.085306292000000061e+00 5.543540095000000179e+01
1.085888758999999926e+00 5.585917984000000303e+01
1.086456950000000088e+00 5.625386181999999735e+01
1.087023719000000055e+00 5.664614896999999871e+01
1.087587389999999932e+00 5.709697022000000288e+01
1.088165131000000008e+00 5.745323008999999814e+01
1.088712544999999920e+00 5.781804559999999782e+01
1.089290134999999937e+00 5.822958760000000211e+01
1.089860967999999986e+00 5.863085966999999954e+01
1.090417881999999894e+00 5.903281659999999675e+01
1.090979469000000091e+00 5.939797525000000178e+01
1.091562393000000020e+00 5.976912384999999972e+01
1.092137593999999989e+00 6.022054523999999986e+01
1.092688413000000081e+00 6.054128896000000282e+01
1.093274840999999942e+00 6.093485967000000159e+01
1.093857866000000012e+00 6.132338084999999950e+01
1.094424534000000060e+00 6.173629111000000336e+01
1.094977993000000094e+00 6.208527603999999656e+01
1.095534398999999937e+00 6.246036146000000144e+01
1.096100558999999919e+00 6.285478788000000350e+01
1.096658793000000021e+00 6.315439449000000138e+01
1.097272145000000032e+00 6.353521429999999981e+01
1.097806961000000081e+00 6.387598243000000053e+01
1.098371750000000091e+00 6.423095730000000003e+01
1.098965340999999984e+00 6.461699749999999653e+01
1.099524897000000001e+00 6.500962635999999861e+01
1.100078101999999891e+00 6.535236433999999406e+01
1.100662041000000091e+00 6.572616619999999443e+01
1.101233432999999984e+00 6.607352441999999826e+01
1.101804266000000032e+00 6.637835140999999339e+01
1.102371694999999985e+00 6.676413461999999299e+01
1.102926932999999998e+00 6.706254237000000273e+01
1.103518747000000078e+00 6.736830978000000414e+01
1.104056205000000013e+00 6.776307934000000444e+01
1.104637198000000042e+00 6.810958184999999787e+01
1.105215752000000107e+00 6.841723152999999513e+01
1.105776018000000027e+00 6.876827101000000653e+01
1.106341467000000023e+00 6.911212025999999753e+01
1.106910623999999954e+00 6.940924445000000276e+01
1.107462659999999932e+00 6.978903769999999440e+01
1.108050562999999933e+00 7.016412312999999301e+01
1.108600009000000108e+00 7.043677209000000516e+01
1.109174297000000031e+00 7.078130762000000686e+01
1.109760826000000034e+00 7.115356893000000582e+01
1.110333843000000043e+00 7.149074337000000412e+01
1.110869016000000098e+00 7.179728178000000582e+01
1.111445537999999900e+00 7.213069169000000613e+01
1.112033287999999898e+00 7.240248493999999368e+01
1.112603967999999943e+00 7.276541817999999751e+01
1.113163880000000105e+00 7.309865723000000060e+01
1.113746700999999950e+00 7.338148995999999613e+01
1.114300872000000053e+00 7.372961918000000026e+01
1.114860324999999985e+00 7.406131766999999400e+01
1.115447108999999992e+00 7.432934495000000652e+01
1.116002093000000084e+00 7.466942966000000581e+01
1.116565661000000098e+00 7.505255959999999504e+01
1.117159302999999992e+00 7.529756749000000582e+01
1.117729882999999980e+00 7.563174696000000097e+01
1.118282224999999963e+00 7.599083095000000299e+01
1.118853666999999996e+00 7.623686540999999295e+01
1.119425109999999890e+00 7.665191495000000543e+01
1.120008643000000026e+00 7.691438155999999537e+01
1.120544323000000064e+00 7.714732342000000642e+01
1.121126332000000003e+00 7.757050359999999500e+01
1.121687969999999979e+00 7.787669886999999846e+01
1.122256160999999919e+00 7.810741530999999327e+01
1.122822830000000049e+00 7.842790345999999602e+01
1.123404735999999904e+00 7.877235140999999885e+01
1.123972825999999925e+00 7.904303339999999878e+01
1.124513078000000110e+00 7.934383741999999984e+01
1.125111240999999929e+00 7.971926598999999669e+01
1.125673031999999907e+00 8.001981300999999291e+01
1.126268959999999986e+00 8.031804990999999916e+01
1.126801490000000072e+00 8.058659262000000467e+01
1.127389289999999988e+00 8.086565937999999676e+01
1.127955094000000047e+00 8.120762779999999736e+01
1.128514650000000064e+00 8.146992212000000677e+01
1.129083298000000068e+00 8.173315830999999321e+01
1.129649203000000046e+00 8.209155601000000502e+01
1.130212620000000001e+00 8.238628393000000472e+01
1.130796710999999899e+00 8.268024230000000330e+01
1.131361193999999903e+00 8.297180439000000263e+01
1.131943507999999987e+00 8.324556748999999911e+01
1.132486096999999914e+00 8.353764214999999638e+01
1.133061451000000108e+00 8.387558760000000291e+01
1.133646254999999936e+00 8.416903195999999809e+01
1.134194227000000055e+00 8.438109369999999387e+01
1.134767854999999992e+00 8.469584747000000391e+01
1.135350727000000060e+00 8.500914538000000675e+01
1.135887270000000004e+00 8.528299318999999912e+01
1.136463183000000043e+00 8.555863856000000567e+01
1.137055098000000042e+00 8.589298888999999804e+01
1.137629030000000041e+00 8.609751867999999320e+01
1.138169535000000065e+00 8.644239591999999561e+01
1.138764295000000093e+00 8.670965363999999909e+01
1.139332588999999896e+00 8.698504201000000080e+01
1.139870707000000039e+00 8.726145694000000219e+01
1.140440523999999956e+00 8.756713963999999351e+01
1.141019231000000023e+00 8.781154739000000120e+01
1.141591588000000046e+00 8.815283094999999491e+01
1.142142760999999895e+00 8.837481803000000014e+01
1.142711409999999983e+00 8.863805421000000706e+01
1.143309624000000024e+00 8.893714681999999527e+01
1.143865826000000085e+00 8.921955314000000214e+01
1.144424517999999891e+00 8.945993934999999908e+01
1.145006578000000053e+00 8.975800540000000183e+01
1.145567809999999964e+00 9.001379577999999526e+01
1.146122792999999973e+00 9.028370676000000117e+01
1.146692763999999976e+00 9.060094293999999593e+01
1.147264257000000010e+00 9.088814035999999419e+01
1.147848398999999908e+00 9.111132628999999383e+01
1.148392918000000096e+00 9.139766799999999591e+01
1.148961668000000103e+00 9.171002550000000042e+01
1.149549417000000018e+00 9.191524013999999454e+01
1.150086265999999968e+00 9.224719419999999559e+01
1.150662634999999989e+00 9.245797238000000107e+01
1.151254905999999911e+00 9.274910662000000627e+01
1.151813192000000097e+00 9.302766081999999415e+01
1.152386107999999965e+00 9.326411020999999835e+01
1.152943478000000077e+00 9.351134351999999694e+01
1.153496430999999989e+00 9.380050934999999868e+01
1.154073055000000014e+00 9.406460122999999385e+01
1.154662327000000044e+00 9.429797093999999902e+01
1.155219444999999956e+00 9.459843324999999936e+01
1.155786873999999909e+00 9.487467732999999726e+01
1.156366191000000043e+00 9.509623655000000042e+01
1.156925034999999991e+00 9.538112384999999449e+01
1.157497647000000018e+00 9.567773547999999550e+01
1.158059385999999913e+00 9.591752298999999482e+01
1.158615842999999979e+00 9.619505062000000351e+01
1.159222184999999961e+00 9.643543683999999416e+01
1.159793881999999998e+00 9.665956461999999760e+01
1.160333929999999958e+00 9.695164072000000033e+01
1.160889014999999969e+00 9.723053663000000313e+01
1.161474579999999923e+00 9.749950576000000524e+01
1.162030174000000082e+00 9.773698314000000664e+01
1.162605781999999977e+00 9.798250504000000660e+01
1.163189467000000032e+00 9.821621645000000456e+01
1.163762230999999980e+00 9.850555457000000104e+01
1.164326307000000060e+00 9.877768953000000351e+01
1.164888858999999943e+00 9.899642606999999828e+01
1.165451717000000054e+00 9.930587330999999551e+01
1.166025445000000049e+00 9.952366800000000069e+01
1.166580683000000063e+00 9.972417624999999930e+01
1.167175088000000027e+00 1.000528783000000033e+02
1.167741906999999912e+00 1.002567247000000066e+02
1.168300243000000016e+00 1.004984805999999935e+02
1.168870619000000000e+00 1.007615444999999994e+02
1.169443078000000025e+00 1.010327391000000006e+02
1.169984192999999895e+00 1.012305092999999943e+02
1.170563663000000032e+00 1.014975100999999995e+02
1.171142673999999939e+00 1.017639135000000010e+02
1.171725394000000087e+00 1.019552646000000067e+02
1.172266102999999893e+00 1.022164461999999929e+02
1.172841457000000087e+00 1.024489602000000019e+02
1.173411173000000085e+00 1.026885768000000070e+02
1.173967476999999926e+00 1.029094512000000066e+02
1.174533280999999985e+00 1.031979335999999989e+02
1.175099593000000109e+00 1.033839780999999931e+02
1.175691100999999961e+00 1.036031425000000041e+02
1.176250505000000057e+00 1.038667204000000055e+02
1.176815699000000048e+00 1.040549903000000000e+02
1.177379522000000067e+00 1.043065883000000014e+02
1.177946442999999954e+00 1.045727332999999959e+02
1.178542218000000030e+00 1.047598057999999952e+02
1.179087651999999986e+00 1.050096924000000058e+02
1.179663716999999945e+00 1.052293693999999959e+02
1.180236582000000034e+00 1.054107922000000030e+02
1.180811631000000084e+00 1.057049228000000056e+02
1.181389779999999945e+00 1.059014080999999976e+02
1.181907883000000048e+00 1.061105596000000020e+02
1.182512548000000052e+00 1.063762767999999994e+02
1.183078606000000033e+00 1.065730190000000022e+02
1.183644308999999950e+00 1.067837957999999929e+02
1.184202136999999988e+00 1.070611525999999998e+02
1.184796592000000093e+00 1.072429185000000018e+02
1.185362599000000072e+00 1.074324735000000004e+02
1.185898888000000095e+00 1.076749142000000035e+02
1.186499844999999942e+00 1.079118775999999968e+02
1.187042485000000092e+00 1.080671999000000056e+02
1.187617077000000076e+00 1.083305222999999984e+02
1.188172924000000075e+00 1.085565323000000006e+02
1.188743604999999981e+00 1.087321361000000053e+02
1.189306157000000086e+00 1.089273392000000058e+02
1.189866576000000009e+00 1.091690090000000026e+02
1.190447111999999974e+00 1.093618144000000001e+02
1.191010985999999994e+00 1.095807218000000063e+02
1.191582681999999949e+00 1.097894454999999994e+02
1.192160678000000029e+00 1.098885437999999937e+02
1.192747513000000037e+00 1.100656895000000048e+02
1.193296858000000071e+00 1.102877627999999959e+02
1.193861746999999918e+00 1.103540844000000050e+02
1.194436186999999983e+00 1.105188208999999944e+02
1.195000161999999921e+00 1.107631439000000029e+02
1.195561496000000057e+00 1.108864619999999945e+02
1.196169462999999933e+00 1.110286916999999960e+02
1.196715049000000031e+00 1.112371583000000044e+02
1.197260838000000049e+00 1.112222667000000058e+02
1.197837613999999995e+00 1.114835345000000046e+02
1.198438775000000067e+00 1.116012889999999942e+02
1.198971964999999917e+00 1.118261016000000012e+02
1.199569061999999908e+00 1.120159120999999942e+02
1.200097476999999913e+00 1.122313105000000064e+02
1.200704530000000103e+00 1.122709329000000054e+02
1.201258141999999918e+00 1.124067433999999963e+02
1.201834816999999944e+00 1.125916765999999996e+02
1.202375425000000053e+00 1.127573536000000018e+02
1.202960532000000082e+00 1.129374095999999952e+02
1.203542490000000020e+00 1.131738589999999931e+02
1.204098947000000086e+00 1.132388983999999965e+02
1.204661398000000050e+00 1.134158718999999991e+02
1.205242138000000018e+00 1.134774885000000069e+02
1.205816170000000076e+00 1.136866385999999949e+02
1.206347531999999889e+00 1.138666084000000041e+02
1.206940565000000021e+00 1.139980556000000007e+02
1.207505963000000015e+00 1.141396005000000002e+02
1.208078471999999959e+00 1.142164489999999972e+02
1.208653825999999931e+00 1.143964174999999983e+02
1.209206422000000059e+00 1.145123743999999988e+02
1.209796305000000016e+00 1.145778416999999934e+02
1.210375315999999923e+00 1.147727016999999989e+02
1.210924050999999890e+00 1.148395373000000035e+02
1.211477968000000072e+00 1.150131741000000005e+02
1.212054237999999895e+00 1.151323830000000044e+02
1.212606121999999953e+00 1.151252803000000000e+02
1.213168674999999919e+00 1.152998575000000017e+02
1.213752055000000052e+00 1.154255718000000002e+02
1.214323142000000022e+00 1.154632258000000036e+02
1.214897683000000006e+00 1.154224906999999973e+02
1.215451295000000043e+00 1.156491855999999956e+02
1.215998201999999973e+00 1.157656565000000057e+02
1.216619581000000005e+00 1.157811453999999998e+02
