1.000000000000000000e+00 0.000000000000000000e+00
1.000528789000000085e+00 1.666366400000000164e-02
1.001115943999999924e+00 2.739890899999999907e-02
1.001679755999999921e+00 3.204549999999999803e-04
1.002208989000000106e+00 3.621142399999999900e-02
1.002776821999999957e+00 4.694666900000000337e-02
1.003358621999999922e+00 3.177846200000000038e-02
1.003874944000000102e+00 1.714434700000000075e-02
1.004439443999999959e+00 4.459666600000000009e-02
1.004971167000000110e+00 4.769439799999999896e-02
1.005576510999999895e+00 3.279323700000000286e-02
1.006103755999999905e+00 5.143303999999999931e-02
1.006654111000000018e+00 4.748076200000000274e-02
1.007229388999999919e+00 5.394327200000000044e-02
1.007783467000000099e+00 6.702852199999999316e-02
1.008340422000000070e+00 7.616148699999999994e-02
1.008917099999999900e+00 1.148831450000000060e-01
1.009445099999999984e+00 1.165388349999999934e-01
1.010009555999999975e+00 1.267933960000000027e-01
1.010570677999999889e+00 1.430831899999999990e-01
1.011136677999999955e+00 1.693070969999999897e-01
1.011636411000000013e+00 1.522161649999999866e-01
1.012211744000000024e+00 1.853298569999999867e-01
1.012816833000000027e+00 2.248526429999999909e-01
1.013350344000000014e+00 2.082957970000000048e-01
1.013890656000000057e+00 2.762322759999999988e-01
1.014441211000000065e+00 3.033641400000000043e-01
1.015018278000000107e+00 3.340744179999999841e-01
1.015576333000000053e+00 3.551710479999999892e-01
1.016115356000000025e+00 3.818222310000000119e-01
1.016676032999999979e+00 4.357120879999999974e-01
1.017237410999999980e+00 4.705348750000000191e-01
1.017786867000000095e+00 5.767657349999999461e-01
1.018365621999999915e+00 6.169294349999999705e-01
1.018903110999999972e+00 6.793113619999999742e-01
1.019477500000000036e+00 7.943547309999999806e-01
1.020019455999999991e+00 8.350525269999999889e-01
1.020581732999999991e+00 9.457163709999999446e-01
1.021157010999999892e+00 1.045591549999999925e+00
1.021687299999999965e+00 1.105623449999999952e+00
1.022256921999999957e+00 1.269429364000000060e+00
1.022792166999999974e+00 1.391896658000000064e+00
1.023363078000000037e+00 1.489475241999999922e+00
1.023934144000000046e+00 1.658408485999999904e+00
1.024453499999999906e+00 1.802132590000000034e+00
1.025032900000000025e+00 1.966205529000000007e+00
1.025580766999999893e+00 2.126967177000000042e+00
1.026114632999999943e+00 2.353902751000000126e+00
1.026679378000000087e+00 2.517815564999999811e+00
1.027240367000000099e+00 2.703572643000000220e+00
1.027812422000000003e+00 2.944661711000000182e+00
1.028348711000000026e+00 3.166630259999999808e+00
1.028919721999999926e+00 3.423848898000000140e+00
1.029459488999999950e+00 3.659223181000000213e+00
1.030024000000000051e+00 3.908804273999999968e+00
1.030584533000000080e+00 4.206774077000000389e+00
1.031161855999999988e+00 4.507681335000000011e+00
1.031685878000000001e+00 4.797265923000000321e+00
1.032245711000000066e+00 5.105383486000000026e+00
1.032815389000000028e+00 5.417773807999999747e+00
1.033352867000000064e+00 5.754037966000000281e+00
1.033927210999999957e+00 6.070434022999999790e+00
1.034474977999999989e+00 6.456796029999999575e+00
1.035034867000000025e+00 6.807534112999999998e+00
1.035570955999999931e+00 7.189249434999999799e+00
1.036148222000000008e+00 7.600019506999999841e+00
1.036714421999999969e+00 7.978850780000000142e+00
1.037275600000000075e+00 8.394107141999999300e+00
1.037792177999999899e+00 8.797880529000000394e+00
1.038380867000000096e+00 9.185791012999999339e+00
1.038930667000000030e+00 9.667756066000000814e+00
1.039466811000000046e+00 1.010346754000000047e+01
1.040054711000000021e+00 1.050136627999999916e+01
1.040621699999999983e+00 1.094423545999999980e+01
1.041140466999999958e+00 1.144270320000000041e+01
1.041686244000000094e+00 1.188573187000000075e+01
1.042274989000000041e+00 1.239952846999999991e+01
1.042826577999999893e+00 1.290291019000000006e+01
1.043345932999999892e+00 1.331586987000000022e+01
1.043926832999999998e+00 1.386721305999999920e+01
1.044489599999999907e+00 1.438314585000000001e+01
1.045014322000000107e+00 1.486607148000000045e+01
1.045567300000000088e+00 1.538472828999999997e+01
1.046200003999999906e+00 1.592864675000000041e+01
1.046704955999999909e+00 1.636174172999999854e+01
1.047250237999999944e+00 1.691773187000000078e+01
1.047819561999999927e+00 1.749369602999999884e+01
1.048385310000000015e+00 1.797875875000000079e+01
1.048891054000000045e+00 1.854334657000000064e+01
1.049485959000000079e+00 1.911979191000000000e+01
1.050058858999999956e+00 1.964491107999999997e+01
1.050600516999999900e+00 2.017964406000000110e+01
1.051132637000000036e+00 2.074108134000000092e+01
1.051709162000000086e+00 2.129162254999999959e+01
1.052280126000000093e+00 2.184093616999999909e+01
1.052805342000000088e+00 2.242528653000000105e+01
1.053388820999999975e+00 2.298987435000000090e+01
1.053958194000000015e+00 2.355083133999999845e+01
1.054496276000000066e+00 2.416439584999999823e+01
1.055041161999999977e+00 2.469277308999999931e+01
1.055624839999999898e+00 2.527017989999999870e+01
1.056169923999999982e+00 2.583305892999999998e+01
1.056696681000000027e+00 2.638627130000000065e+01
1.057272361999999966e+00 2.702029191000000097e+01
1.057854003999999959e+00 2.758034029999999959e+01
1.058365809999999962e+00 2.811699531000000007e+01
1.058922863999999908e+00 2.873312435000000065e+01
1.059503960000000022e+00 2.933595319999999873e+01
1.060058928999999983e+00 2.988873814999999823e+01
1.060595769000000077e+00 3.048296932999999953e+01
1.061162112000000102e+00 3.109546574000000163e+01
1.061744200999999999e+00 3.165166825000000017e+01
1.062252677999999895e+00 3.223532416999999839e+01
1.062854686000000104e+00 3.285065122999999687e+01
1.063386259000000056e+00 3.338928295000000190e+01
1.063939141999999949e+00 3.397085553000000147e+01
1.064492422000000049e+00 3.453555087000000157e+01
1.065062143000000017e+00 3.508838957999999764e+01
1.065628436999999984e+00 3.566467452999999921e+01
1.066160060999999937e+00 3.618824441999999664e+01
1.066733705999999948e+00 3.672116108000000168e+01
1.067261653999999949e+00 3.724035193999999649e+01
1.067821192999999891e+00 3.775553653000000054e+01
1.068398216000000067e+00 3.825790391999999684e+01
1.068944590999999944e+00 3.879060642000000314e+01
1.069519031000000009e+00 3.928522918000000175e+01
1.070060937000000045e+00 3.975757954000000183e+01
1.070624001999999964e+00 4.023938420000000349e+01
1.071174003999999957e+00 4.068497649999999766e+01
1.071740396999999900e+00 4.104575607000000304e+01
1.072286078000000087e+00 4.131552578000000153e+01
1.072850532999999995e+00 4.162850337999999795e+01
1.073408383000000077e+00 4.194340392000000151e+01
1.073954808999999955e+00 4.233537435000000215e+01
1.074514992999999974e+00 4.271484656999999885e+01
1.075074432000000080e+00 4.315360283999999780e+01
1.075629103000000031e+00 4.356314405999999906e+01
1.076156257000000060e+00 4.393011897000000232e+01
1.076723295999999941e+00 4.433298365999999646e+01
1.077293563000000010e+00 4.475699979000000184e+01
1.077849277999999966e+00 4.515954459999999671e+01
1.078405588000000082e+00 4.556566825000000165e+01
1.078953205999999998e+00 4.594599441999999812e+01
1.079521187999999965e+00 4.637695320000000265e+01
1.080063242000000034e+00 4.668202667999999989e+01
1.080613443000000062e+00 4.710374531000000076e+01
1.081173925999999952e+00 4.750773276999999695e+01
1.081723132000000032e+00 4.785596036999999825e+01
1.082291362999999951e+00 4.824712883000000119e+01
1.082869776999999978e+00 4.870094693000000063e+01
1.083410390999999917e+00 4.901280356000000182e+01
1.083964664000000022e+00 4.941064853999999684e+01
1.084513971000000021e+00 4.975871573999999953e+01
1.085083891000000023e+00 5.011073546000000078e+01
1.085632302999999910e+00 5.053069244999999654e+01
1.086175351000000067e+00 5.091678742999999940e+01
1.086752026999999954e+00 5.121192632000000344e+01
1.087321897000000037e+00 5.161180087000000327e+01
1.087844231000000050e+00 5.195287165999999957e+01
1.088407743000000094e+00 5.231552039999999693e+01
1.088976868999999903e+00 5.267181252000000313e+01
1.089512566000000016e+00 5.304663868000000093e+01
1.090073296999999997e+00 5.333403295000000099e+01
1.090630798999999929e+00 5.372530892999999708e+01
1.091193566000000059e+00 5.407252220000000165e+01
1.091741381999999927e+00 5.439559387999999984e+01
1.092299480000000100e+00 5.471920051000000029e+01
1.092852611000000085e+00 5.507997918000000226e+01
1.093399881000000073e+00 5.539236987000000312e+01
1.093961753999999953e+00 5.574738062000000127e+01
1.094548065999999986e+00 5.614015123000000074e+01
1.095079391000000069e+00 5.637023814999999871e+01
1.095611710000000016e+00 5.674121843000000354e+01
1.096201597999999944e+00 5.709991466999999687e+01
1.096746731999999946e+00 5.738399799999999829e+01
1.097286898999999982e+00 5.773297380999999717e+01
1.097854682999999998e+00 5.808376503000000213e+01
1.098440893999999890e+00 5.836838241000000238e+01
1.098961988999999972e+00 5.867580534999999742e+01
1.099539210000000100e+00 5.904368797000000058e+01
1.100096761000000090e+00 5.930501951000000105e+01
1.100622573000000104e+00 5.962974710999999672e+01
1.101172129000000055e+00 5.994283133999999791e+01
1.101743090999999897e+00 6.025671753999999680e+01
1.102299947999999974e+00 6.054950696000000221e+01
1.102843988999999914e+00 6.088438241000000062e+01
1.103420515999999907e+00 6.116307147999999927e+01
1.103967735999999977e+00 6.149410104999999760e+01
1.104512721000000086e+00 6.181001682000000130e+01
1.105063617000000109e+00 6.210440839999999696e+01
1.105655639999999940e+00 6.246839136999999909e+01
1.106216419999999978e+00 6.281074441999999891e+01
1.106740593000000050e+00 6.309845947000000166e+01
1.107292731000000030e+00 6.343237345000000005e+01
1.107873926999999981e+00 6.380853473999999892e+01
1.108405400999999957e+00 6.407050696000000301e+01
1.108993499999999965e+00 6.442300695999999505e+01
1.109542658000000070e+00 6.474896395000000382e+01
1.110101699999999969e+00 6.504175247999999954e+01
1.110640971999999893e+00 6.536279548999999633e+01
1.111184815999999964e+00 6.568447917999999675e+01
1.111760794000000052e+00 6.599553383999999312e+01
1.112289190000000039e+00 6.629382416999999350e+01
1.112864872000000060e+00 6.658944424000000595e+01
1.113429229000000076e+00 6.687224530999999672e+01
1.113963186999999966e+00 6.717576950999999497e+01
1.114518702000000028e+00 6.752025874999999644e+01
1.115093091999999952e+00 6.778853383999999949e+01
1.115649303000000092e+00 6.813093976000000396e+01
1.116182615999999905e+00 6.843537166000000127e+01
1.116750050999999910e+00 6.871101681999999755e+01
1.117306262000000050e+00 6.903713331000000153e+01
1.117864559000000035e+00 6.932217810999999585e+01
1.118414510999999889e+00 6.958617990000000475e+01
1.118988802000000060e+00 6.990861090999999305e+01
1.119512577999999925e+00 7.021512613999999530e+01
1.120061536999999996e+00 7.049669960999999319e+01
1.120658527000000015e+00 7.081389674999999784e+01
1.121223679000000084e+00 7.110273365999999839e+01
1.121741196000000107e+00 7.136828384000000369e+01
1.122328648999999956e+00 7.167928564000000335e+01
1.122856647000000097e+00 7.197164764000000048e+01
1.123426417999999982e+00 7.221043975999999986e+01
1.123971103999999999e+00 7.255140391999999849e+01
1.124538193000000019e+00 7.283879908000000114e+01
1.125071506000000054e+00 7.310936986999999476e+01
1.125640879999999955e+00 7.341599173000000178e+01
1.126205335999999946e+00 7.373222739000000558e+01
1.126757919999999968e+00 7.402426860999999292e+01
1.127321232999999978e+00 7.432015570999999454e+01
1.127877792000000046e+00 7.463975607000000423e+01
1.128406982000000003e+00 7.486167093999999622e+01
1.128974418999999951e+00 7.518057774999999765e+01
1.129540463000000106e+00 7.548543707000000325e+01
1.130104076000000068e+00 7.576145588999999347e+01
1.130641958000000002e+00 7.609424799999999323e+01
1.131204923000000084e+00 7.638949442000000545e+01
1.131777923000000019e+00 7.667160194000000217e+01
1.132312873999999914e+00 7.695082505999999967e+01
1.132850211000000051e+00 7.728116018999999426e+01
1.133431553999999952e+00 7.751984656999999856e+01
1.133991788999999972e+00 7.786267990000000339e+01
1.134547602000000044e+00 7.818334835999999655e+01
1.135109326000000030e+00 7.843576054999999769e+01
1.135665487000000029e+00 7.875600158999999678e+01
1.136193980999999908e+00 7.903773545999999328e+01
1.136756450999999890e+00 7.932176502999999457e+01
1.137355775999999929e+00 7.962438151000000630e+01
1.137866239999999918e+00 7.989180086999999730e+01
1.138416440000000085e+00 8.016733940000000302e+01
1.138997486999999920e+00 8.047935553000000652e+01
1.139525434000000059e+00 8.072279460000000029e+01
1.140099079000000071e+00 8.099886718000000485e+01
1.140651614000000036e+00 8.130917453000000705e+01
1.141198090000000054e+00 8.160212344999999345e+01
1.141753406999999942e+00 8.181629460000000620e+01
1.142307133000000086e+00 8.213461270000000525e+01
1.142883560000000021e+00 8.239770677999999293e+01
1.143417915999999979e+00 8.258394423999999390e+01
1.143970649999999978e+00 8.283432684999999651e+01
1.144563715999999953e+00 8.314335194000000229e+01
1.145114313000000106e+00 8.331287254999999448e+01
1.145627460000000042e+00 8.347849442000000408e+01
1.146203539000000049e+00 8.366377129999999340e+01
1.146762333000000078e+00 8.375307148000000268e+01
1.147339504000000066e+00 8.381385104999999669e+01
1.147847336000000107e+00 8.385978294999999605e+01
1.148444078000000035e+00 8.378239315999999803e+01
1.148983797999999945e+00 8.374554100999999662e+01
1.149535785999999948e+00 8.372294872000000510e+01
1.150074363999999960e+00 8.374799711000000002e+01
1.150682033999999909e+00 8.373902488000000233e+01
1.151189070000000036e+00 8.386517720999999881e+01
1.151750943999999999e+00 8.403560552999999800e+01
1.152316691000000004e+00 8.435376413000000184e+01
1.152862918000000070e+00 8.472805624999999452e+01
1.153394094999999897e+00 8.510688688999999840e+01
1.153972557999999982e+00 8.554190481000000545e+01
1.154549728999999969e+00 8.589675606999999502e+01
1.155100774000000108e+00 8.624199262999999860e+01
1.155645709999999937e+00 8.670109745999999973e+01
1.156211209000000073e+00 8.713381879000000652e+01
1.156763594999999922e+00 8.745598366000000112e+01
1.157297205999999967e+00 8.784202487999999676e+01
1.157859277000000020e+00 8.828072738999999558e+01
1.158443303999999952e+00 8.865352398999999650e+01
1.158992758999999984e+00 8.906760552999999447e+01
1.159551851000000022e+00 8.951282417000000180e+01
1.160115213999999950e+00 8.991499890000000050e+01
1.160646290999999941e+00 9.033506162000000472e+01
1.161189687000000026e+00 9.043627130000000136e+01
1.161762586999999902e+00 9.110650427000000207e+01
1.162312440000000002e+00 9.148180892999999969e+01
1.162856928000000067e+00 9.190224800000000016e+01
1.163422178999999890e+00 9.241171036999999444e+01
1.163981071999999894e+00 9.168278564000000586e+01
1.164529136999999936e+00 9.286969424000000117e+01
1.165090512999999994e+00 9.333029460000000199e+01
1.165657254000000087e+00 9.356748994000000152e+01
1.166191411000000011e+00 9.412347560000000612e+01
1.166784774999999996e+00 9.432846664000000203e+01
1.167333833000000043e+00 9.421870857999999771e+01
1.167865407999999938e+00 9.472000785999999550e+01
1.168436618999999954e+00 9.551404012000000421e+01
1.169001670999999964e+00 9.596657596000000012e+01
1.169526091999999906e+00 9.621829639000000611e+01
1.170066011000000072e+00 9.567197022000000572e+01
1.170641792000000070e+00 9.677081431000000578e+01
1.171195221000000064e+00 9.736423725000000218e+01
1.171738616999999927e+00 9.765532147999999779e+01
1.172330193000000076e+00 9.804285731999999598e+01
1.172888887999999907e+00 9.852717631999999526e+01
1.173410228999999916e+00 9.811143259000000683e+01
1.173987600000000020e+00 9.927356521000000100e+01
1.174537055999999913e+00 9.957757057999999972e+01
1.175055318000000071e+00 9.971964047000000164e+01
1.175641528999999963e+00 1.003449003000000062e+02
1.176225853000000043e+00 1.006232157000000029e+02
1.176759016999999963e+00 1.008589594999999974e+02
1.177301718000000053e+00 1.010897480000000002e+02
1.177882762999999944e+00 1.016333412000000038e+02
1.178442847999999987e+00 1.022356350999999961e+02
1.178971342999999949e+00 1.021376870999999937e+02
1.179533316000000109e+00 1.021619881000000021e+02
1.180097374000000032e+00 1.029650974999999988e+02
1.180631232999999947e+00 1.036979290000000020e+02
1.181180987000000071e+00 1.040966296999999940e+02
1.181800079999999920e+00 1.039116745000000037e+02
1.182308010999999937e+00 1.047305992999999944e+02
1.182845643999999918e+00 1.050642461999999995e+02
1.183431657999999942e+00 1.054139684000000017e+02
1.184010817000000104e+00 1.056720418999999964e+02
1.184524807000000068e+00 1.059395688000000035e+02
1.185081217000000020e+00 1.063738878000000057e+02
1.185652726000000046e+00 1.066751691000000051e+02
1.186198604000000101e+00 1.068893896000000012e+02
1.186746968000000013e+00 1.074562803000000031e+02
1.187320761999999919e+00 1.080631171999999935e+02
1.187865747000000027e+00 1.079501511999999934e+02
1.188397718999999908e+00 1.083008949999999970e+02
1.188986413000000075e+00 1.090710562000000010e+02
1.189561400000000102e+00 1.094118536999999947e+02
1.190091087000000103e+00 1.096075436999999937e+02
1.190660210999999968e+00 1.098861816999999945e+02
1.191239469000000106e+00 1.097652140000000003e+02
1.191756838000000096e+00 1.104891207999999949e+02
1.192287716999999914e+00 1.111705096999999967e+02
1.192873430999999984e+00 1.116188340000000068e+02
1.193440966999999908e+00 1.118021315000000016e+02
1.193963302000000004e+00 1.121062443999999942e+02
1.194537195999999968e+00 1.124705993000000035e+02
1.195114565999999989e+00 1.128408859999999976e+02
1.195643755999999946e+00 1.130109398000000027e+02
1.196205232000000063e+00 1.129078035999999940e+02
1.196763130999999980e+00 1.139063430000000068e+02
1.197328581000000058e+00 1.143603214999999977e+02
1.197877639000000105e+00 1.141525079000000034e+02
1.198419246999999910e+00 1.148157425999999930e+02
1.199001782000000071e+00 1.151586817000000025e+02
1.199528390000000000e+00 1.151256261000000052e+02
1.200085692999999898e+00 1.157091207999999938e+02
1.200646871000000004e+00 1.162712534000000062e+02
1.201207153999999999e+00 1.162864684000000040e+02
1.201740417999999977e+00 1.167115043000000014e+02
1.202306960000000036e+00 1.168664952999999969e+02
1.202875190000000094e+00 1.174467910000000046e+02
1.203413222000000005e+00 1.178557964000000027e+02
1.203975690999999903e+00 1.181900794999999960e+02
1.204540841999999889e+00 1.184413160999999945e+02
1.205093476999999913e+00 1.186596583999999979e+02
1.205638164000000012e+00 1.190892283000000020e+02
1.206214341999999995e+00 1.193539236000000017e+02
1.206769261000000037e+00 1.195897748999999948e+02
1.207313351999999895e+00 1.199279647999999980e+02
1.207845025999999988e+00 1.203807694999999995e+02
1.208421999000000024e+00 1.204414416000000045e+02
1.209007911999999907e+00 1.209018805999999984e+02
1.209521406999999993e+00 1.212031620000000061e+02
1.210095300000000096e+00 1.214630992999999961e+02
1.210650020999999965e+00 1.218258052999999990e+02
1.211212192000000076e+00 1.216648823999999962e+02
1.211758767000000070e+00 1.224654380000000060e+02
1.212315076999999963e+00 1.227348824000000036e+02
1.212867114000000024e+00 1.231338518999999962e+02
1.213413491000000066e+00 1.234764684000000017e+02
1.213979734000000033e+00 1.234614057000000003e+02
1.214534752999999911e+00 1.239748823999999985e+02
1.215091560000000070e+00 1.242495150000000024e+02
1.215645982999999930e+00 1.245232337000000058e+02
1.216203286999999911e+00 1.248905275999999986e+02
1.216756814000000020e+00 1.249205993000000063e+02
1.217317296999999909e+00 1.255163251000000031e+02
1.217864269000000110e+00 1.256218626999999941e+02
1.218417400000000095e+00 1.258131171999999935e+02
1.218993181000000092e+00 1.260924002999999942e+02
1.219535483999999892e+00 1.264405723999999935e+02
1.220066263000000095e+00 1.266645687999999979e+02
1.220649395999999998e+00 1.269217371999999955e+02
1.221196567000000011e+00 1.271821584000000058e+02
1.221727047999999982e+00 1.276334666000000055e+02
1.222334419000000061e+00 1.277309398000000016e+02
1.222868773999999936e+00 1.278568805999999967e+02
1.223417533999999973e+00 1.284493448000000058e+02
1.223977022999999997e+00 1.286681082000000060e+02
1.224545055999999965e+00 1.287553215000000080e+02
1.225102359999999946e+00 1.288765669999999943e+02
1.225640390999999996e+00 1.291446762999999862e+02
1.226243490000000103e+00 1.297982426000000089e+02
1.226780925999999994e+00 1.301072211000000038e+02
1.227303062000000056e+00 1.300594701999999927e+02
1.227861061000000031e+00 1.301441207999999961e+02
1.228415583000000089e+00 1.303437712999999860e+02
1.228966628000000005e+00 1.310417731000000003e+02
1.229512407999999946e+00 1.313343447999999967e+02
1.230098421000000108e+00 1.312592013999999949e+02
1.230649663999999976e+00 1.315860652000000073e+02
1.231181735999999916e+00 1.317498734000000127e+02
1.231759105999999937e+00 1.319668717000000129e+02
1.232327436000000054e+00 1.322952319000000045e+02
1.232864275999999926e+00 1.324439773999999943e+02
1.233425949999999993e+00 1.325789416000000074e+02
1.233986232999999988e+00 1.329079469000000131e+02
1.234548305999999984e+00 1.331503125000000125e+02
1.235097660999999958e+00 1.332909935000000132e+02
1.235667878999999969e+00 1.334584308000000021e+02
1.236205116000000048e+00 1.335827677000000051e+02
1.236740463999999928e+00 1.337645688000000064e+02
1.237291608999999903e+00 1.341159486999999899e+02
1.237880800999999975e+00 1.343487623000000042e+02
1.238414064000000092e+00 1.345302498000000071e+02
1.238956962999999911e+00 1.345010830999999882e+02
1.239550327999999979e+00 1.347800975000000108e+02
1.240125412000000038e+00 1.349713519000000019e+02
1.240634336999999920e+00 1.350833502000000124e+02
1.241191541000000065e+00 1.353347479999999905e+02
1.241781527999999968e+00 1.355903662999999995e+02
1.242317472999999950e+00 1.355402676999999869e+02
1.242863948000000107e+00 1.355380275999999924e+02
1.243439331999999897e+00 1.358130275999999981e+02
1.243990774000000021e+00 1.361378124999999955e+02
1.244508638999999972e+00 1.362226780999999960e+02
1.245120878000000042e+00 1.362755544999999984e+02
1.245657717999999914e+00 1.364174093000000028e+02
1.246184226000000006e+00 1.366101064000000065e+02
1.246755237999999988e+00 1.370011189999999885e+02
1.247353967000000008e+00 1.367917552000000114e+02
1.247881368000000046e+00 1.362048375999999905e+02
1.248416916000000043e+00 1.364091296999999940e+02
1.248975112999999970e+00 1.369883502000000135e+02
