1.000000000000000000e+00 0.000000000000000000e+00
1.000543673999999994e+00 2.372682300000000105e-02
1.001147224999999974e+00 -7.582122999999999641e-03
1.001682954999999930e+00 3.660335599999999662e-02
1.002262798000000066e+00 3.856425000000000131e-02
1.002836212999999921e+00 3.098212499999999925e-02
1.003391381999999998e+00 8.908995499999999845e-02
1.003937269999999993e+00 7.935085000000000055e-02
1.004513090000000108e+00 6.405587199999999981e-02
1.005076853999999908e+00 1.140586799999999956e-01
1.005604257999999973e+00 1.576558829999999967e-01
1.006185101000000026e+00 1.166078410000000037e-01
1.006789359999999967e+00 1.614469460000000078e-01
1.007305955000000086e+00 1.905989029999999862e-01
1.007878966000000043e+00 1.898145519999999975e-01
1.008441370999999975e+00 2.387061739999999932e-01
1.009008257999999936e+00 2.489028289999999921e-01
1.009555843000000008e+00 2.725642830000000183e-01
1.010141909999999976e+00 3.034810510000000017e-01
1.010694583999999896e+00 3.591704350000000101e-01
1.011262920999999926e+00 3.576017220000000107e-01
1.011820359999999974e+00 4.261676500000000090e-01
1.012402156999999914e+00 4.542738020000000043e-01
1.012948135000000027e+00 4.972173810000000138e-01
1.013501100999999904e+00 5.490503559999999617e-01
1.014060954999999931e+00 6.510168440000000389e-01
1.014635965999999945e+00 6.587950649999999575e-01
1.015208673999999922e+00 7.435056799999999466e-01
1.015753606999999947e+00 8.098492710000000372e-01
1.016320437999999937e+00 8.198498300000000016e-01
1.016892697000000068e+00 9.322090579999999793e-01
1.017423607000000008e+00 1.009860433999999918e+00
1.018025044999999906e+00 1.052869425999999997e+00
1.018584190999999972e+00 1.170980622999999943e+00
1.019128314999999896e+00 1.288176696999999926e+00
1.019695607000000059e+00 1.376220889999999919e+00
1.020273180000000002e+00 1.480148295000000003e+00
1.020822584000000033e+00 1.640418608999999917e+00
1.021380124000000000e+00 1.711925901999999944e+00
1.021976033999999922e+00 1.879713050000000107e+00
1.022522471999999905e+00 2.002987969999999951e+00
1.023057156999999995e+00 2.143126581999999836e+00
1.023646180000000072e+00 2.311632668000000113e+00
1.024217786999999991e+00 2.496545048999999850e+00
1.024769999999999959e+00 2.622499759000000097e+00
1.025330708000000035e+00 2.842381433999999985e+00
1.025876583999999925e+00 3.035921624999999846e+00
1.026432371000000066e+00 3.225997619999999788e+00
1.027010493999999996e+00 3.440650214000000151e+00
1.027548348000000056e+00 3.680206086000000099e+00
1.028150190999999936e+00 3.862307742000000044e+00
1.028699191000000068e+00 4.118465872999999888e+00
1.029262404000000020e+00 4.366649774999999956e+00
1.029835056000000026e+00 4.627579372999999663e+00
1.030376618000000022e+00 4.847264864999999645e+00
1.030957359999999934e+00 5.194866026999999775e+00
1.031515607000000001e+00 5.444095657000000088e+00
1.032071887999999937e+00 5.725091819000000193e+00
1.032621135000000079e+00 6.014258394999999702e+00
1.033222472000000058e+00 6.278782903999999832e+00
1.033787191000000050e+00 6.646319914000000217e+00
1.034327403999999895e+00 6.949474097999999600e+00
1.034885392999999931e+00 7.277858460000000029e+00
1.035461921000000007e+00 7.594935113000000015e+00
1.036014382000000067e+00 7.937111119999999964e+00
1.036578202000000060e+00 8.254841352999999771e+00
1.037155022000000093e+00 8.619436923000000306e+00
1.037682978000000089e+00 8.967626307999999824e+00
1.038267843000000079e+00 9.318168801000000556e+00
1.038821663000000006e+00 9.696033150999999961e+00
1.039389045000000067e+00 1.008500912999999954e+01
1.039937392999999988e+00 1.042463607000000003e+01
1.040534764000000001e+00 1.082831870999999957e+01
1.041078079000000045e+00 1.120324128999999935e+01
1.041634460999999900e+00 1.159542025000000010e+01
1.042218920999999909e+00 1.200485549999999968e+01
1.042743662999999987e+00 1.243520642000000009e+01
1.043329933000000098e+00 1.278790517999999921e+01
1.043891539000000090e+00 1.321224336999999949e+01
1.044454607000000035e+00 1.364971897000000034e+01
1.045018819999999904e+00 1.400882413999999976e+01
1.045577213000000061e+00 1.443767159999999983e+01
1.046150517000000058e+00 1.490593237000000038e+01
1.046690729999999903e+00 1.530700047000000019e+01
1.047243753000000055e+00 1.573754768000000048e+01
1.047834235999999919e+00 1.616365031999999857e+01
1.048390573000000048e+00 1.658014445999999964e+01
1.048936753000000000e+00 1.704500682999999839e+01
1.049493887999999986e+00 1.744698951000000164e+01
1.050084483000000013e+00 1.795074320999999884e+01
1.050648247000000035e+00 1.840142201000000099e+01
1.051201966000000043e+00 1.882536762000000152e+01
1.051772865000000001e+00 1.925428087999999960e+01
1.052318596000000106e+00 1.969803128999999942e+01
1.052871270000000026e+00 2.015054032999999833e+01
1.053442011000000011e+00 2.059625149000000022e+01
1.054023965999999923e+00 2.107340248999999943e+01
1.054574370999999955e+00 2.153002930999999975e+01
1.055141697000000045e+00 2.196861578000000037e+01
1.055693865000000065e+00 2.244962356999999997e+01
1.056244673999999995e+00 2.291245939999999948e+01
1.056811449000000014e+00 2.337510003999999952e+01
1.057386517000000081e+00 2.381401329999999916e+01
1.057961933000000077e+00 2.427763430999999983e+01
1.058485920999999941e+00 2.474857520999999849e+01
1.059069527999999982e+00 2.517598501000000155e+01
1.059643697000000051e+00 2.567914983000000007e+01
1.060187718999999973e+00 2.612211616000000092e+01
1.060741538999999900e+00 2.658181568999999911e+01
1.061330517000000029e+00 2.706733274000000122e+01
1.061894584000000030e+00 2.750663859000000144e+01
1.062410437999999901e+00 2.796248134000000007e+01
1.063021965999999985e+00 2.846924084999999849e+01
1.063588753000000109e+00 2.889096363000000167e+01
1.064134989000000031e+00 2.932288378999999878e+01
1.064694180000000046e+00 2.980683269000000024e+01
1.065270809000000041e+00 3.023476447999999905e+01
1.065836787000000063e+00 3.072505398999999926e+01
1.066394067000000057e+00 3.113984836999999928e+01
1.066927595999999978e+00 3.149705750000000037e+01
1.067504471999999982e+00 3.190819249000000113e+01
1.068078786999999918e+00 3.225585889999999978e+01
1.068640392999999911e+00 3.251803018999999750e+01
1.069204416000000046e+00 3.292668025999999770e+01
1.069771494000000045e+00 3.327088247999999737e+01
1.070306932999999905e+00 3.362332023999999819e+01
1.070884865000000019e+00 3.401216551000000266e+01
1.071434663000000009e+00 3.447023108999999863e+01
1.071996315000000033e+00 3.476684913999999793e+01
1.072556870999999967e+00 3.515654427999999854e+01
1.073120435999999955e+00 3.553434228999999789e+01
1.073666722000000018e+00 3.585213809999999768e+01
1.074238676000000003e+00 3.624124545000000097e+01
1.074816506999999977e+00 3.664165996999999919e+01
1.075381428000000028e+00 3.695769023999999803e+01
1.075926860999999901e+00 3.731052059000000298e+01
1.076500973999999999e+00 3.770099980999999900e+01
1.077052735999999955e+00 3.802461315000000042e+01
1.077615195999999997e+00 3.839345732000000311e+01
1.078148222000000045e+00 3.873916298999999697e+01
1.078740969999999910e+00 3.904898424000000290e+01
1.079296599000000079e+00 3.938991854999999731e+01
1.079881110000000088e+00 3.974817385000000058e+01
1.080430661999999931e+00 4.004681733999999693e+01
1.080981167000000021e+00 4.039801374000000322e+01
1.081545135000000046e+00 4.073992841999999825e+01
1.082127435000000082e+00 4.103648067999999682e+01
1.082680150999999924e+00 4.137277413000000337e+01
1.083251653000000037e+00 4.171455832000000186e+01
1.083794321999999921e+00 4.192796878000000049e+01
1.084370797000000053e+00 4.225661446000000154e+01
1.084916680999999938e+00 4.255806967000000185e+01
1.085482958000000053e+00 4.283638527000000096e+01
1.086063701999999909e+00 4.316418217999999740e+01
1.086633296000000026e+00 4.342903359000000307e+01
1.087186211999999985e+00 4.367427538999999825e+01
1.087722051000000079e+00 4.390415804999999949e+01
1.088310931000000092e+00 4.416881316999999996e+01
1.088865908000000049e+00 4.442693247999999784e+01
1.089429071000000082e+00 4.467230588000000324e+01
1.089984548999999969e+00 4.492212273999999894e+01
1.090560018999999992e+00 4.511540160999999927e+01
1.091108766999999924e+00 4.537437080000000122e+01
1.091656962000000064e+00 4.564778454999999724e+01
1.092245692000000101e+00 4.589956324999999993e+01
1.092811366999999922e+00 4.615513404000000008e+01
1.093371316000000038e+00 4.644560777000000229e+01
1.093928352000000048e+00 4.668673179999999689e+01
1.094482221999999894e+00 4.693681076000000019e+01
1.095042572999999964e+00 4.720081339000000042e+01
1.095596393999999973e+00 4.744991197000000227e+01
1.096173070000000083e+00 4.769541586999999794e+01
1.096719656999999959e+00 4.801059735999999845e+01
1.097303917000000073e+00 4.824596966000000009e+01
1.097871148000000074e+00 4.852526672999999846e+01
1.098437375999999910e+00 4.884822539000000319e+01
1.098985671999999969e+00 4.906568891999999948e+01
1.099542656999999979e+00 4.937629425000000083e+01
1.100109035000000013e+00 4.965676798999999875e+01
1.100675663999999943e+00 4.990416683000000120e+01
1.101212708999999901e+00 5.021542574000000059e+01
1.101779438000000111e+00 5.051171699999999731e+01
1.102355361000000089e+00 5.076016309999999976e+01
1.102927565000000110e+00 5.105403522999999666e+01
1.103454111000000015e+00 5.127666161999999872e+01
1.104051630999999922e+00 5.151111934000000048e+01
1.104601935999999895e+00 5.184852365999999790e+01
1.105174692999999930e+00 5.206722966000000241e+01
1.105723994000000099e+00 5.228240456999999708e+01
1.106309659999999973e+00 5.253444537000000025e+01
1.106879052000000030e+00 5.277733383999999717e+01
1.107434178999999963e+00 5.302747859000000119e+01
1.107965899000000087e+00 5.327415915000000268e+01
1.108556587999999898e+00 5.351031661999999756e+01
1.109110961000000062e+00 5.373104805999999911e+01
1.109675581000000077e+00 5.395426333000000341e+01
1.110196151000000020e+00 5.421349350999999928e+01
1.110791008000000080e+00 5.441193521999999660e+01
1.111335688000000044e+00 5.465691712999999652e+01
1.111916281000000062e+00 5.492261840999999833e+01
1.112475125000000009e+00 5.510034075000000087e+01
1.113041702999999938e+00 5.534473267999999990e+01
1.113618379000000047e+00 5.556435325000000347e+01
1.114149897999999972e+00 5.575423262000000335e+01
1.114713663999999937e+00 5.599751478000000304e+01
1.115278887000000108e+00 5.618889760999999794e+01
1.115841899999999942e+00 5.637511759000000211e+01
1.116408126999999917e+00 5.659094608000000193e+01
1.116927138999999958e+00 5.679063134999999818e+01
1.117519786999999987e+00 5.698051071999999806e+01
1.118106607999999946e+00 5.717999970000000332e+01
1.118648625999999924e+00 5.737942179000000209e+01
1.119224145000000004e+00 5.753609795999999932e+01
1.119782588000000079e+00 5.777245063000000158e+01
1.120352631000000043e+00 5.795324458000000334e+01
1.120893393000000016e+00 5.812168628999999953e+01
1.121455853999999919e+00 5.828470197000000041e+01
1.122045688999999902e+00 5.849203391999999724e+01
1.122579116999999904e+00 5.858007755999999944e+01
1.123162621999999944e+00 5.874904126999999932e+01
1.123715891000000022e+00 5.894630741000000285e+01
1.124279054999999916e+00 5.898827035000000052e+01
1.124834080999999930e+00 5.916082873999999947e+01
1.125401061999999897e+00 5.930874628000000115e+01
1.125962919000000007e+00 5.930501998999999813e+01
1.126532762999999937e+00 5.941757510000000053e+01
1.127086433999999970e+00 5.959438286000000318e+01
1.127654268999999987e+00 5.973687436000000162e+01
1.128203266999999954e+00 5.977288928000000112e+01
1.128761657999999946e+00 5.975994707000000261e+01
1.129346270000000096e+00 5.991178607999999883e+01
1.129894315000000038e+00 5.994008852999999704e+01
1.130440351000000065e+00 6.003721759999999819e+01
1.131019184999999982e+00 6.008290681999999805e+01
1.131595507999999972e+00 6.016774835999999738e+01
1.132131347000000066e+00 6.008159966000000196e+01
1.132693957999999945e+00 6.021304499000000021e+01
1.133288665000000028e+00 6.027317878000000206e+01
1.133814810000000062e+00 6.031200430999999895e+01
1.134380184000000069e+00 6.026448594000000014e+01
