1.000000000000000000e+00 0.000000000000000000e+00
1.000529988999999897e+00 1.341766030000000054e-01
1.001080133000000094e+00 6.141887000000000041e-02
1.001629743999999933e+00 8.294171599999999867e-02
1.002217544000000071e+00 1.332316829999999896e-01
1.002767788999999965e+00 1.228377209999999969e-01
1.003309444000000106e+00 1.835216669999999994e-01
1.003868688999999925e+00 2.823167950000000093e-01
1.004439156000000111e+00 2.568043420000000188e-01
1.004990943999999997e+00 3.433157030000000276e-01
1.005539611000000111e+00 3.299820350000000069e-01
1.006106743999999997e+00 3.127637589999999745e-01
1.006673332999999948e+00 4.360214379999999834e-01
1.007201033000000079e+00 4.883062089999999911e-01
1.007764843999999993e+00 5.103540140000000225e-01
1.008349021999999984e+00 6.143986139999999541e-01
1.008888444000000106e+00 7.454255279999999484e-01
1.009424343999999918e+00 7.624338250000000095e-01
1.009989688999999968e+00 8.536697159999999673e-01
1.010552611000000045e+00 1.008004281999999918e+00
1.011107822000000045e+00 1.086326466000000046e+00
1.011679033000000061e+00 1.230267087999999953e+00
1.012215877999999902e+00 1.414523675000000091e+00
1.012787378000000071e+00 1.443605757999999906e+00
1.013337933000000080e+00 1.617678382000000026e+00
1.013901488999999989e+00 1.782511855999999950e+00
1.014458400000000093e+00 1.944510729000000104e+00
1.015012822000000092e+00 2.150290162000000116e+00
1.015547077999999992e+00 2.362893911000000013e+00
1.016101256000000008e+00 2.536441609999999791e+00
1.016675643999999989e+00 2.729832190000000214e+00
1.017242878000000017e+00 3.062859034000000147e+00
1.017783488999999930e+00 3.230632232000000048e+00
1.018346710999999960e+00 3.549485364000000143e+00
1.018898156000000110e+00 3.786341736999999874e+00
1.019475421999999964e+00 4.037161683999999973e+00
1.020023977999999998e+00 4.340581326999999767e+00
1.020584511000000028e+00 4.696180742000000130e+00
1.021132777999999908e+00 4.960229392999999654e+00
1.021686655999999971e+00 5.341551347000000227e+00
1.022219466999999993e+00 5.753005232999999663e+00
1.022781488999999988e+00 6.023773216999999569e+00
1.023356877999999970e+00 6.408454750999999838e+00
1.023904099999999984e+00 6.832507276000000296e+00
1.024478433000000077e+00 7.206375028000000071e+00
1.025005243999999927e+00 7.624233302999999573e+00
1.025555143999999919e+00 8.130387746000000249e+00
1.026118555999999904e+00 8.543416350999999409e+00
1.026676799999999945e+00 8.971248733999999558e+00
1.027225566999999895e+00 9.441916667999999291e+00
1.027809100000000031e+00 9.908175034999999298e+00
1.028350255999999963e+00 1.042440838999999997e+01
1.028908656000000033e+00 1.089990599000000060e+01
1.029455777999999988e+00 1.141372460000000011e+01
1.030033288999999908e+00 1.196040501000000056e+01
1.030564067000000028e+00 1.248020808000000059e+01
1.031147400000000047e+00 1.303528769999999959e+01
1.031699589000000028e+00 1.359467171999999913e+01
1.032244777999999918e+00 1.415794041000000014e+01
1.032794377999999957e+00 1.463574778000000087e+01
1.033358489000000047e+00 1.522610376999999993e+01
1.033938489000000072e+00 1.586695965000000008e+01
1.034476178000000024e+00 1.638214319000000074e+01
1.035036056000000038e+00 1.701995442999999852e+01
1.035604243999999952e+00 1.763477247999999875e+01
1.036139488999999969e+00 1.818313257999999877e+01
1.036692466999999951e+00 1.886105128000000164e+01
1.037270933000000062e+00 1.949634156000000118e+01
1.037797144000000005e+00 2.004071203000000168e+01
1.038350477999999910e+00 2.077333021999999829e+01
1.038936488999999908e+00 2.138751854999999935e+01
1.039471188999999907e+00 2.201136656999999985e+01
1.040043344000000092e+00 2.270387696999999960e+01
1.040579643999999915e+00 2.337402421999999902e+01
1.041135555999999962e+00 2.398474781999999905e+01
1.041697921999999998e+00 2.468093431999999865e+01
1.042243100000000089e+00 2.539097800000000049e+01
1.042796233000000017e+00 2.599729273000000163e+01
1.043369930999999973e+00 2.674019768999999869e+01
1.043911588999999918e+00 2.746284088999999895e+01
1.044468892000000038e+00 2.808532380999999845e+01
1.045021427000000003e+00 2.881395059000000103e+01
1.045604162000000059e+00 2.952284054000000069e+01
1.046147308999999970e+00 3.014322383000000016e+01
1.046711814000000018e+00 3.096203592000000171e+01
1.047279698000000092e+00 3.157297089000000057e+01
1.047826619999999931e+00 3.228647930000000343e+01
1.048355412999999903e+00 3.302634050000000343e+01
1.048947088000000027e+00 3.377208136000000138e+01
1.049504938000000109e+00 3.440422221000000036e+01
1.050041677999999923e+00 3.518607946000000197e+01
1.050586116999999930e+00 3.589601921999999945e+01
1.051165671999999995e+00 3.653697954999999808e+01
1.051716271000000091e+00 3.729531817000000160e+01
1.052246701999999923e+00 3.803412955999999667e+01
1.052831175999999980e+00 3.874112947999999790e+01
1.053371441999999991e+00 3.949883926999999773e+01
1.053939622999999992e+00 4.025287294999999688e+01
1.054480684000000057e+00 4.091913625000000110e+01
1.055046729999999933e+00 4.166393297999999845e+01
1.055598719000000019e+00 4.246479255999999936e+01
1.056165907000000015e+00 4.307499124999999651e+01
1.056721272999999961e+00 4.387711200999999761e+01
1.057281407999999923e+00 4.464584484000000231e+01
1.057811690000000082e+00 4.530559788000000054e+01
1.058377536999999924e+00 4.602572224000000034e+01
1.058945569000000031e+00 4.679676429999999954e+01
1.059479776000000095e+00 4.749620416999999861e+01
1.060034695999999999e+00 4.824960902000000118e+01
1.060596370000000066e+00 4.896185801000000026e+01
1.061163110000000076e+00 4.972408235000000332e+01
1.061704817999999939e+00 5.047360147999999924e+01
1.062278660999999902e+00 5.121944802000000152e+01
1.062824291999999948e+00 5.189442512000000107e+01
1.063409311000000024e+00 5.264961430000000320e+01
1.063944661000000069e+00 5.337246712000000315e+01
1.064492178999999927e+00 5.398770525999999847e+01
1.065060609000000102e+00 5.473124081000000274e+01
1.065604202999999917e+00 5.545913483999999727e+01
1.066179039999999967e+00 5.603825659000000314e+01
1.066722634000000003e+00 5.673622566000000234e+01
1.067267769000000088e+00 5.742506170000000054e+01
1.067843996999999989e+00 5.801331823999999671e+01
1.068387243000000097e+00 5.873459633000000224e+01
1.068954183000000002e+00 5.935855003999999724e+01
1.069507412999999962e+00 5.999573034000000149e+01
1.070080064000000108e+00 6.058493100999999825e+01
1.070607665999999902e+00 6.121560457999999727e+01
1.071165664000000017e+00 6.182517267000000061e+01
1.071700268000000067e+00 6.243243153000000234e+01
1.072286728999999994e+00 6.305533542999999952e+01
1.072834446000000108e+00 6.363183264999999977e+01
1.073406054000000109e+00 6.422712257999999963e+01
1.073951187999999890e+00 6.480236037000000238e+01
1.074515297000000036e+00 6.530179495000000145e+01
1.075057699000000033e+00 6.590296630999999650e+01
1.075631642000000054e+00 6.638791134999999599e+01
1.076154226000000103e+00 6.693889774999999531e+01
1.076721811000000084e+00 6.748788668999999629e+01
1.077294562000000067e+00 6.803404324000000258e+01
1.077841483999999905e+00 6.852738856000000567e+01
1.078389747999999981e+00 6.907501415000000122e+01
1.078956537999999910e+00 6.960573528000000465e+01
1.079524420999999901e+00 7.003430217999999741e+01
1.080079240999999968e+00 7.057846302999999466e+01
1.080630634000000034e+00 7.112608862000000443e+01
1.081159326999999948e+00 7.153533790000000181e+01
1.081722094000000078e+00 7.201345915000000275e+01
1.082283719000000088e+00 7.255132113000000516e+01
1.082844598999999963e+00 7.293873218000000236e+01
1.083396935999999977e+00 7.344446739999999352e+01
1.083963825999999964e+00 7.392983341999999425e+01
1.084521923000000054e+00 7.434328195000000505e+01
1.085067702999999995e+00 7.483484292999999354e+01
1.085643681999999943e+00 7.365612631000000476e+01
1.086207791000000089e+00 7.372646908999999482e+01
1.086734893999999896e+00 7.455893050999999616e+01
1.087290510000000099e+00 7.516692564999999604e+01
1.087851190000000079e+00 7.566342040000000679e+01
1.088395728999999923e+00 7.626185977000000094e+01
1.088976723999999896e+00 7.674040200999999684e+01
1.089501693000000104e+00 7.716256611000000021e+01
1.090094063000000002e+00 7.608138347999999951e+01
1.090634778000000082e+00 7.696717929999999797e+01
1.091180656999999998e+00 7.742115484999999353e+01
1.091757928000000044e+00 7.795597130999999536e+01
1.092284583999999947e+00 7.852900379000000441e+01
1.092847351000000078e+00 7.901689041999999574e+01
1.093417767999999901e+00 7.953637890000000255e+01
1.093958680000000072e+00 7.994268834999999740e+01
1.094512506999999912e+00 8.038227829000000213e+01
1.095080687999999913e+00 8.077640920000000335e+01
1.095646982000000103e+00 7.995350177999999630e+01
1.096176817999999997e+00 8.037104564000000551e+01
1.096725876000000044e+00 8.081756504999999891e+01
1.097293212000000073e+00 8.144036325999999804e+01
1.097852999000000107e+00 8.184005852999999320e+01
1.098408961999999933e+00 8.237046436999999344e+01
1.098987326000000042e+00 8.292271019000000365e+01
1.099554313999999922e+00 8.317615555000000427e+01
1.100054397999999933e+00 8.365490739999999903e+01
1.100623920000000089e+00 8.409922326000000226e+01
1.101189567999999896e+00 8.445104281999999785e+01
1.101778213000000006e+00 8.268291417000000365e+01
1.102298661000000068e+00 8.356451072999999496e+01
1.102863962000000031e+00 8.427318929999999852e+01
1.103425883999999968e+00 8.488065953000000263e+01
1.103963419000000057e+00 8.531899004999999647e+01
1.104515954000000022e+00 8.573212504999999339e+01
1.105085477000000038e+00 8.623943323000000305e+01
1.105618242999999890e+00 8.664742307999999582e+01
1.106200778999999912e+00 8.708207925000000671e+01
1.106763793999999912e+00 8.751075183000000379e+01
1.107319807000000100e+00 8.792514448999999388e+01
1.107841446999999979e+00 8.571259605000000192e+01
1.108413998999999928e+00 8.658610939999999800e+01
1.108971450999999941e+00 8.730486688999999956e+01
1.109532232000000063e+00 8.792997434000000112e+01
1.110078657999999940e+00 8.833334395999999344e+01
1.110647981000000062e+00 8.881083637999999780e+01
1.111209308000000062e+00 8.927100513000000603e+01
1.111739540999999942e+00 8.977243540999999993e+01
1.112324609999999936e+00 9.022105621000000042e+01
1.112888668999999942e+00 9.063355885000000001e+01
1.113421683000000106e+00 9.105666707000000315e+01
1.113973821000000086e+00 9.144985386000000460e+01
1.114553973000000031e+00 8.930134755000000268e+01
1.115097766999999962e+00 8.998230999999999824e+01
1.115636244000000055e+00 9.061172238000000334e+01
1.116206213999999974e+00 9.111115696000000241e+01
1.116759046999999949e+00 9.169468933999999649e+01
1.117320423000000007e+00 9.228871985000000677e+01
1.117872262999999977e+00 9.273324531999999465e+01
1.118419682000000082e+00 9.323971505000000093e+01
1.118984337000000107e+00 9.359342463000000123e+01
1.119527533999999935e+00 9.401432753999999647e+01
1.120088909999999993e+00 9.447166038000000299e+01
1.120652372999999979e+00 9.479943815999999401e+01
1.121245290000000061e+00 9.251686223999999470e+01
1.121755059000000054e+00 9.326239173000000449e+01
1.122324282999999978e+00 9.398009940000000029e+01
1.122873092999999933e+00 9.450273731999999427e+01
1.123410379000000070e+00 9.510863283000000479e+01
1.123998478999999939e+00 9.558045520999999667e+01
1.124526576000000055e+00 9.604912815000000137e+01
1.125096893000000042e+00 9.649648951999999724e+01
1.125649974000000109e+00 9.700925814000000003e+01
1.126198387000000078e+00 9.740853242999999395e+01
1.126755391999999967e+00 9.786135247999999365e+01
1.127347316000000044e+00 9.572827983999999901e+01
1.127865429000000086e+00 9.630687844999999925e+01
1.128417368000000032e+00 9.698311497000000259e+01
1.129000350999999958e+00 9.769389492999999902e+01
1.129531478999999949e+00 9.818829005999999993e+01
1.130091167000000008e+00 9.867838023999999564e+01
1.130662378000000023e+00 9.921393297999999561e+01
1.131196584000000005e+00 9.970003352000000518e+01
1.131738589000000017e+00 1.001411999000000037e+02
1.132307863000000081e+00 1.006993236999999937e+02
1.132892981999999993e+00 1.010472592999999932e+02
1.133429672000000110e+00 9.954086879000000465e+01
1.133953398000000057e+00 9.992271723999999722e+01
1.134538319000000017e+00 1.004060876000000064e+02
1.135109877999999961e+00 1.010108275999999989e+02
1.135634051000000033e+00 1.015035440999999992e+02
1.136208987000000059e+00 1.019756816999999955e+02
1.136776076000000080e+00 1.024535934000000026e+02
1.137309686999999903e+00 1.030522440999999958e+02
1.137879010000000024e+00 1.035592388000000028e+02
1.138445850000000092e+00 1.011042680000000047e+02
1.138958399999999926e+00 1.021292803000000049e+02
1.139521167999999918e+00 1.029674117999999936e+02
1.140099631000000002e+00 1.036668516999999952e+02
1.140643126000000063e+00 1.042749524999999977e+02
1.141178376000000050e+00 1.047807916000000006e+02
1.141770696999999890e+00 1.054194427000000047e+02
1.142344143000000090e+00 1.032568679000000031e+02
1.142887637999999928e+00 1.038228670000000022e+02
1.143429196000000037e+00 1.047579036000000059e+02
1.143975025999999895e+00 1.055495245000000040e+02
1.144541964999999939e+00 1.062302755000000047e+02
1.145066238000000070e+00 1.068753312000000051e+02
1.145655678000000011e+00 1.074331413999999967e+02
1.146195746000000071e+00 1.051329264999999964e+02
1.146732236999999932e+00 1.061296959999999956e+02
1.147331362999999937e+00 1.070061491999999959e+02
1.147877242999999936e+00 1.076436448000000041e+02
1.148423221000000050e+00 1.083387814999999961e+02
1.148976750000000102e+00 1.089368015999999955e+02
1.149548953999999901e+00 1.055682132999999965e+02
1.150098260999999900e+00 1.073506201000000004e+02
1.150627499999999914e+00 1.082474389000000059e+02
1.151226526999999944e+00 1.090827362999999934e+02
1.151758647999999940e+00 1.097351405999999940e+02
1.152313418000000089e+00 1.103382002000000028e+02
1.152868784000000035e+00 1.108563235999999961e+02
1.153433935000000021e+00 1.085516997999999944e+02
1.153983291999999938e+00 1.091359666999999973e+02
1.154521224000000013e+00 1.100989291000000065e+02
1.155123826999999936e+00 1.109145934999999952e+02
1.155640003000000027e+00 1.117721482999999978e+02
1.156206942000000071e+00 1.124158388000000031e+02
1.156795140999999916e+00 1.129235680000000031e+02
1.157342013000000058e+00 1.135090943000000010e+02
1.157899317000000039e+00 1.107855615999999941e+02
1.158459998000000102e+00 1.123490646999999996e+02
1.158963358999999915e+00 1.126889153999999991e+02
1.159533477999999951e+00 1.134699324000000047e+02
1.160124358000000022e+00 1.139278975999999943e+02
1.160668548999999938e+00 1.145028200999999939e+02
