1.000000000000000000e+00 0.000000000000000000e+00
1.000557318999999890e+00 1.205884299999999965e-02
1.001100692000000070e+00 1.340264600000000070e-02
1.001646121000000056e+00 2.507249500000000020e-02
1.002204418000000041e+00 4.225900300000000331e-02
1.002778396000000072e+00 5.841997599999999846e-02
1.003311593000000057e+00 8.660443800000000580e-02
1.003866747000000004e+00 1.065139070000000049e-01
1.004413264000000083e+00 1.306669589999999992e-01
1.004989989000000028e+00 1.530518539999999872e-01
1.005522253000000088e+00 1.953815839999999970e-01
1.006076087999999924e+00 2.082537819999999984e-01
1.006630758000000014e+00 2.547210089999999982e-01
1.007170582000000092e+00 2.985713560000000100e-01
1.007702802000000064e+00 3.105948379999999842e-01
1.008259977999999890e+00 3.698635299999999959e-01
1.008835614999999963e+00 4.290615010000000118e-01
1.009380857000000020e+00 4.638942329999999892e-01
1.009925944999999992e+00 5.326756390000000341e-01
1.010475451000000024e+00 6.163802969999999659e-01
1.010996275000000111e+00 6.468987179999999837e-01
1.011558504999999997e+00 7.389490890000000034e-01
1.012140626000000099e+00 8.048660279999999556e-01
1.012650451000000063e+00 8.847161019999999487e-01
1.013203099000000051e+00 9.776859030000000228e-01
1.013788912000000098e+00 1.046997739999999899e+00
1.014292933999999979e+00 1.131940130999999905e+00
1.014878154000000032e+00 1.227491421000000082e+00
1.015420341000000004e+00 1.357875520999999974e+00
1.015981000000000023e+00 1.436417140000000092e+00
1.016518429000000001e+00 1.565315924000000081e+00
1.017088516000000054e+00 1.690218683000000111e+00
1.017614352000000055e+00 1.778838855000000052e+00
1.018166856999999981e+00 1.928884835000000075e+00
1.018730901000000078e+00 2.060860213999999857e+00
1.019284252999999918e+00 2.185444728999999864e+00
1.019806978000000086e+00 2.344755853000000112e+00
1.020372110000000054e+00 2.508133722999999815e+00
1.020940340999999973e+00 2.626812571999999957e+00
1.021458801999999944e+00 2.805573474000000012e+00
1.022020252999999990e+00 2.965061459999999816e+00
1.022582230999999897e+00 3.123771397000000061e+00
1.023146780000000033e+00 3.316571456999999779e+00
1.023657087999999993e+00 3.498656475999999849e+00
1.024225010999999963e+00 3.674057900000000210e+00
1.024780956000000076e+00 3.876936451999999811e+00
1.025316912000000080e+00 4.082962378999999586e+00
1.025870395999999962e+00 4.269892132999999923e+00
1.026434099000000044e+00 4.504456120000000396e+00
1.026985033000000103e+00 4.728128264999999608e+00
1.027507823999999959e+00 4.921069825000000009e+00
1.028066614999999961e+00 5.169602249000000427e+00
1.028634253000000109e+00 5.413678961999999650e+00
1.029160768999999975e+00 5.642266561999999652e+00
1.029719363000000110e+00 5.909258612000000355e+00
1.030280373999999943e+00 6.138058373999999873e+00
1.030843197999999905e+00 6.385105540999999718e+00
1.031383614999999976e+00 6.652734137999999575e+00
1.031917154000000059e+00 6.943737995000000218e+00
1.032476691999999918e+00 7.200722272000000146e+00
1.033032241999999989e+00 7.455619929000000035e+00
1.033575603999999926e+00 7.757939715000000014e+00
1.034136955999999996e+00 8.012907974000000877e+00
1.034677867999999945e+00 8.336445795999999575e+00
1.035223054999999892e+00 8.633673325000000176e+00
1.035787451000000026e+00 8.903388543000000155e+00
1.036313912000000004e+00 9.230851611000000290e+00
1.036862340999999965e+00 9.527761133000000271e+00
1.037411065999999993e+00 9.831565939000000753e+00
1.037994077000000015e+00 1.017253776000000087e+01
1.038526636999999919e+00 1.048267303000000084e+01
1.039070944999999968e+00 1.078513401999999921e+01
1.039612592999999974e+00 1.111418890000000026e+01
1.040156308000000029e+00 1.144066175999999935e+01
1.040726548999999945e+00 1.175245885000000001e+01
1.041285581999999987e+00 1.209321826999999949e+01
1.041821483999999964e+00 1.243415508000000003e+01
1.042382538000000025e+00 1.277388868999999971e+01
1.042917263999999955e+00 1.310609041000000019e+01
1.043481560000000030e+00 1.347110969000000047e+01
1.044008714000000060e+00 1.380946448999999987e+01
1.044596043999999946e+00 1.416408625999999948e+01
1.045124044000000030e+00 1.452645292000000055e+01
1.045677527000000051e+00 1.485879584000000087e+01
1.046242901000000058e+00 1.522119810000000051e+01
1.046773747000000032e+00 1.561036984999999966e+01
1.047317263999999915e+00 1.594787623000000032e+01
1.047859549000000001e+00 1.629740574999999936e+01
1.048435484000000084e+00 1.668813371999999973e+01
1.048956208999999973e+00 1.703897145999999907e+01
1.049522319000000037e+00 1.740589995999999928e+01
1.050060779999999916e+00 1.778269497999999871e+01
1.050620944999999917e+00 1.813572553999999926e+01
1.051177242000000067e+00 1.854933336999999938e+01
1.051731603999999987e+00 1.891484686000000082e+01
1.052280230999999899e+00 1.927533929999999884e+01
1.052826352000000076e+00 1.964470803000000032e+01
1.053375713999999963e+00 2.004841375999999897e+01
1.053915198000000109e+00 2.040667837000000162e+01
1.054473011000000016e+00 2.079309190000000029e+01
1.055002725000000030e+00 2.119103374999999900e+01
1.055591187000000097e+00 2.155265759999999986e+01
1.056137110000000101e+00 2.195346388999999832e+01
1.056667318999999994e+00 2.233485575999999995e+01
1.057210538000000088e+00 2.269333217999999874e+01
1.057755570999999950e+00 2.312221737999999860e+01
1.058336670000000090e+00 2.350965611999999894e+01
1.058872373999999894e+00 2.386219187000000019e+01
1.059419625999999948e+00 2.427427907999999945e+01
1.059988834000000102e+00 2.468130903999999859e+01
1.060502186999999985e+00 2.502348346999999862e+01
1.061070264999999901e+00 2.543518148000000068e+01
1.061638491000000073e+00 2.583513935999999944e+01
1.062167416000000086e+00 2.619354517000000016e+01
1.062702481999999948e+00 2.656807617000000121e+01
1.063286772999999963e+00 2.694745261999999997e+01
1.063817221000000091e+00 2.725956830999999880e+01
1.064370610999999966e+00 2.759894832000000164e+01
1.064905873999999919e+00 2.793914232999999925e+01
1.065491194999999891e+00 2.826193733999999935e+01
1.066013389999999950e+00 2.858427315000000135e+01
1.066561228999999944e+00 2.891233722000000128e+01
1.067127342000000034e+00 2.921483380999999824e+01
1.067656906999999933e+00 2.955241078999999971e+01
1.068224590999999890e+00 2.988956356999999997e+01
1.068771890000000058e+00 3.022378070999999977e+01
1.069326900999999941e+00 3.055096078000000048e+01
1.069849293000000090e+00 3.086512748999999900e+01
1.070425525000000100e+00 3.116058699999999959e+01
1.070967959999999941e+00 3.153479998999999978e+01
1.071526557999999962e+00 3.182863267999999835e+01
1.072074838000000030e+00 3.211595870000000019e+01
1.072599442000000014e+00 3.244030992999999796e+01
1.073150424000000047e+00 3.274270031999999730e+01
1.073704599999999898e+00 3.301510317000000327e+01
1.074284025999999947e+00 3.329928174999999868e+01
1.074810889000000103e+00 3.357677626000000259e+01
1.075362018999999947e+00 3.382003997999999712e+01
1.075927493000000013e+00 3.410234375000000284e+01
1.076477887000000022e+00 3.433719098000000258e+01
1.077008187999999977e+00 3.453837223000000023e+01
1.077542270999999996e+00 3.477176885000000084e+01
1.078106518000000014e+00 3.502617168999999819e+01
1.078671058999999932e+00 3.525348644000000320e+01
1.079218701000000058e+00 3.549473413999999849e+01
1.079763935999999980e+00 3.573131379000000152e+01
1.080327543999999973e+00 3.596212898000000280e+01
1.080866834999999915e+00 3.620906993999999912e+01
1.081404357999999899e+00 3.643344965000000002e+01
1.081943206999999907e+00 3.667331793999999690e+01
1.082509369000000055e+00 3.692860480000000223e+01
1.083036526000000110e+00 3.717904681000000267e+01
1.083628086000000046e+00 3.743115122999999755e+01
1.084157454000000076e+00 3.766373502999999801e+01
1.084700626000000057e+00 3.792227493000000038e+01
1.085245075000000003e+00 3.816886228999999986e+01
1.085819784999999982e+00 3.840781155999999896e+01
1.086358192000000056e+00 3.866613965999999891e+01
1.086911189000000055e+00 3.887527759999999688e+01
1.087467771000000027e+00 3.913873294999999786e+01
1.087997679999999967e+00 3.940802396000000130e+01
1.088563694999999942e+00 3.961953093000000337e+01
1.089110207999999913e+00 3.987209457000000157e+01
1.089660797000000070e+00 4.011977834000000342e+01
1.090203625000000009e+00 4.033888899000000094e+01
1.090754704999999936e+00 4.058540574999999961e+01
1.091294586999999927e+00 4.081547872000000154e+01
1.091857163000000019e+00 4.103511919000000319e+01
1.092399155999999927e+00 4.127555347999999924e+01
1.092974652000000102e+00 4.150605065999999965e+01
1.093506721000000015e+00 4.173534582999999998e+01
1.094061584999999948e+00 4.196665641999999963e+01
1.094589036999999987e+00 4.219810821000000089e+01
1.095156868999999977e+00 4.242885280000000137e+01
1.095710847999999960e+00 4.265376290999999753e+01
1.096278926000000098e+00 4.287962764000000249e+01
1.096804413999999950e+00 4.312147635000000179e+01
1.097358540999999965e+00 4.334214261999999707e+01
1.097892085000000018e+00 4.355849444999999776e+01
1.098454022000000085e+00 4.375716486999999688e+01
1.098998176000000049e+00 4.400187800999999865e+01
1.099549896000000082e+00 4.422268549000000348e+01
1.100096310000000077e+00 4.444335175999999876e+01
1.100652844000000075e+00 4.463031705000000215e+01
1.101198815000000053e+00 4.490300289999999706e+01
1.101759820000000056e+00 4.509520166000000074e+01
1.102304563999999987e+00 4.533082669000000209e+01
1.102848177999999901e+00 4.556935116999999735e+01
1.103410263000000002e+00 4.577003701999999663e+01
1.103969645999999916e+00 4.599360331999999829e+01
1.104496507999999988e+00 4.618633247999999725e+01
1.105047244999999956e+00 4.639879464999999925e+01
1.105603778999999953e+00 4.664188098000000338e+01
1.106148326000000015e+00 4.685091271999999663e+01
1.106702845999999907e+00 4.707515063000000310e+01
1.107248522999999985e+00 4.727049681999999819e+01
1.107819107000000081e+00 4.749487652999999909e+01
1.108360608999999997e+00 4.769609279000000157e+01
1.108903584999999969e+00 4.791060599000000053e+01
1.109452847000000020e+00 4.812763000999999718e+01
1.109978531000000102e+00 4.829984834999999777e+01
1.110537078999999983e+00 4.851994921000000005e+01
1.111085654999999894e+00 4.873007676999999660e+01
1.111659578999999898e+00 4.888719572000000113e+01
1.112214786000000011e+00 4.912975164000000206e+01
1.112745921999999998e+00 4.926816338999999800e+01
1.113300294999999940e+00 4.949399251999999905e+01
1.113836883999999916e+00 4.959407024000000064e+01
1.114392631999999939e+00 4.985568697000000071e+01
1.114948478000000076e+00 4.999883736999999684e+01
1.115493467000000072e+00 5.022505569999999864e+01
1.116057714000000090e+00 5.048981986999999805e+01
1.116590323999999912e+00 5.062183054999999854e+01
1.117145630000000001e+00 5.083584834999999913e+01
1.117703931999999956e+00 5.098699043999999958e+01
1.118254963999999907e+00 5.120585368999999787e+01
1.118807813000000095e+00 5.145399667000000221e+01
1.119331925000000005e+00 5.158604294999999951e+01
1.119885510999999889e+00 5.172661192000000341e+01
1.120440472999999937e+00 5.181844995000000154e+01
1.120989441999999947e+00 5.208144609000000003e+01
1.121554916000000013e+00 5.228351135999999855e+01
1.122099267000000067e+00 5.239253597999999812e+01
1.122656096000000048e+00 5.262490738000000334e+01
1.123195877999999981e+00 5.281989996000000076e+01
1.123755800999999943e+00 5.293684567999999757e+01
1.124301921000000037e+00 5.315867896000000314e+01
1.124833106999999943e+00 5.322615212000000184e+01
1.125401823000000023e+00 5.347160806000000122e+01
1.125959633999999987e+00 5.372084746000000166e+01
1.126492489999999957e+00 5.381770714000000311e+01
1.127039934999999993e+00 5.399643274000000304e+01
1.127579914000000016e+00 5.426933040000000119e+01
1.128144996000000067e+00 5.432895306000000346e+01
1.128700891000000039e+00 5.457522242000000290e+01
1.129245634999999970e+00 5.478485517000000016e+01
1.129777409999999982e+00 5.496191835999999853e+01
1.130322841999999994e+00 5.524924436999999955e+01
1.130846167000000069e+00 5.540307409999999777e+01
1.131425740999999929e+00 5.570854132000000192e+01
1.131977264000000094e+00 5.586576587999999788e+01
1.132529327000000086e+00 5.619549236999999664e+01
1.133075298999999925e+00 5.626186910999999924e+01
1.133642641000000006e+00 5.657861726000000147e+01
1.134161790000000058e+00 5.683828917000000303e+01
1.134740529000000109e+00 5.708441673000000094e+01
1.135295932000000008e+00 5.737906282000000147e+01
1.135841510999999970e+00 5.753918741999999753e+01
1.136389939999999932e+00 5.778085931999999758e+01
1.136934780999999894e+00 5.799307410000000118e+01
1.137481736000000021e+00 5.824775935000000260e+01
1.138011054999999994e+00 5.841043037000000027e+01
1.138581687999999925e+00 5.867614915000000053e+01
1.139128101999999920e+00 5.894473236000000327e+01
1.139667736000000042e+00 5.909863328000000138e+01
1.140250355999999909e+00 5.937238230999999899e+01
1.140785568999999944e+00 5.954109782999999823e+01
1.141319210999999889e+00 5.972442027999999681e+01
1.141892890000000049e+00 5.997744312999999750e+01
1.142438958999999921e+00 6.017364010000000007e+01
1.142989401999999988e+00 6.034674007000000273e+01
1.143519114000000059e+00 6.042857336000000146e+01
1.144075943000000040e+00 6.082976587999999651e+01
1.144619948999999970e+00 6.096432535999999658e+01
1.145181347000000072e+00 6.122975995000000182e+01
1.145740581999999952e+00 6.148430162999999737e+01
1.146287488000000021e+00 6.171490974999999679e+01
1.146817052999999920e+00 6.188196403999999973e+01
1.147392989999999946e+00 6.210906579000000249e+01
1.147939502000000056e+00 6.222947515999999979e+01
1.148479824999999899e+00 6.234599845000000329e+01
1.149016266999999925e+00 6.266805124999999776e+01
1.149564696000000108e+00 6.287110673000000105e+01
1.150119067999999967e+00 6.306804532000000307e+01
1.150673636000000055e+00 6.324160805999999724e+01
1.151198780000000088e+00 6.343483263000000250e+01
1.151758408999999928e+00 6.358070624999999865e+01
1.152322604999999944e+00 6.393228738999999905e+01
1.152857425999999963e+00 6.415504027999999437e+01
1.153420887000000006e+00 6.437040070999999841e+01
1.153958311000000014e+00 6.461164662999999564e+01
1.154512242000000022e+00 6.480780799999999431e+01
1.155058066000000050e+00 6.498285398000000157e+01
1.155603742999999906e+00 6.507900942999999927e+01
1.156139693000000079e+00 6.531137963999999840e+01
1.156712536999999985e+00 6.551005066000000454e+01
1.157275408000000061e+00 6.572243867999999622e+01
1.157808656999999908e+00 6.586484745999999291e+01
1.158345638999999982e+00 6.598635443000000578e+01
1.158902713000000029e+00 6.634815804999999500e+01
1.159464846999999965e+00 6.654636628999999459e+01
1.160002909999999998e+00 6.673159916000000180e+01
1.160553353000000065e+00 6.690494832000000258e+01
1.161103106999999968e+00 6.721897382999999593e+01
1.161647998000000070e+00 6.743875430999999310e+01
1.162199669000000046e+00 6.769117792000000122e+01
1.162764259000000022e+00 6.787251876999999922e+01
1.163337347999999993e+00 6.810715537999999469e+01
1.163855564999999981e+00 6.834515003999999294e+01
1.164419368999999982e+00 6.858671633999999528e+01
1.164978309999999961e+00 6.877509367999999768e+01
1.165493332999999909e+00 6.883001505999999381e+01
1.166046477000000081e+00 6.907101772999999412e+01
1.166606548000000076e+00 6.924627730000000270e+01
1.167179490000000097e+00 6.937184834999999339e+01
1.167702864000000007e+00 6.964577300000000548e+01
1.168245544999999996e+00 6.985438172000000634e+01
1.168795495999999989e+00 7.006383884999999623e+01
1.169344562999999892e+00 7.017979257999999732e+01
1.169901343000000038e+00 7.045997649999999624e+01
1.170440141999999906e+00 7.058000022999999601e+01
1.171006844999999963e+00 7.082389818000000048e+01
1.171517348999999930e+00 7.105435798999999975e+01
1.172092206000000081e+00 7.124072404999999719e+01
1.172654585999999943e+00 7.140318030000000249e+01
1.173211659999999990e+00 7.152376766000000430e+01
1.173744466999999903e+00 7.178920818000000281e+01
1.174281302000000027e+00 7.198430756000000486e+01
1.174841618000000087e+00 7.211118978999999740e+01
1.175404882000000040e+00 7.235240011000000493e+01
1.175945057000000071e+00 7.250036213999999291e+01
1.176504784000000026e+00 7.272795632999999782e+01
1.177017057000000033e+00 7.296559501000000125e+01
1.177594173999999994e+00 7.311362823000000333e+01
1.178126784000000038e+00 7.329776350999999579e+01
1.178712154000000067e+00 7.350675787000000128e+01
1.179234055000000003e+00 7.362045114000000012e+01
1.179800560999999970e+00 7.392599251999999410e+01
1.180344765000000073e+00 7.408159025999999869e+01
1.180895255999999893e+00 7.412579080000000431e+01
1.181424328999999940e+00 7.437588275999999610e+01
1.181994568999999995e+00 7.453830340999999748e+01
1.182542505000000022e+00 7.477873651000000166e+01
1.183100365999999903e+00 7.498508477999999400e+01
1.183609297999999921e+00 7.513049562999999864e+01
1.184207537999999893e+00 7.528998540000000617e+01
1.184742112999999986e+00 7.540975994999999443e+01
1.185281798000000109e+00 7.560181572000000472e+01
1.185837005000000000e+00 7.578110968999999386e+01
1.186393196000000039e+00 7.593277981999999326e+01
1.186928261999999901e+00 7.614386258999999768e+01
1.187496340000000039e+00 7.635279169000000365e+01
1.188040444999999945e+00 7.650170298999999829e+01
1.188570992000000048e+00 7.669068549000000701e+01
1.189121974999999942e+00 7.691028798000000677e+01
1.189679244999999996e+00 7.708162586000000260e+01
1.190251154999999894e+00 7.724528650000000596e+01
1.190805968999999909e+00 7.742641376000000264e+01
1.191327379000000075e+00 7.762791479999999922e+01
1.191882684999999942e+00 7.771869497999999510e+01
1.192447422999999951e+00 7.791385961999999665e+01
1.192964804000000045e+00 7.805832119999999463e+01
1.193537008999999927e+00 7.830809279000000345e+01
1.194086911000000084e+00 7.849049562999999807e+01
1.194618243999999940e+00 7.863668370999999979e+01
1.195154095999999999e+00 7.879624466999999299e+01
1.195739759999999929e+00 7.889374096000000236e+01
1.196277185000000021e+00 7.913541406000000222e+01
1.196824925000000039e+00 7.927884330000000546e+01
1.197376202999999917e+00 7.946658580999999799e+01
1.197919718999999938e+00 7.965528946000000587e+01
1.198440243999999932e+00 7.979918148000000144e+01
1.199029346999999968e+00 7.992927937999999699e+01
1.199589271000000013e+00 8.014011295999999618e+01
1.200105079999999935e+00 8.029911029000000156e+01
1.200680624999999946e+00 8.049771010999999987e+01
1.201229544999999899e+00 8.061429866000000288e+01
1.201769230000000022e+00 8.069553270999999484e+01
1.202302527000000065e+00 8.091821441000000448e+01
1.202883673000000098e+00 8.101867717999999741e+01
1.203423061999999932e+00 8.122937430000000347e+01
1.203972177999999893e+00 8.131240605000000699e+01
1.204515693000000054e+00 8.152857928999999615e+01
1.205087111999999960e+00 8.165129065000000708e+01
1.205624044999999978e+00 8.186180978000000152e+01
1.206157343000000104e+00 8.189858818999999812e+01
1.206720508999999941e+00 8.213237044999999625e+01
1.207272670000000048e+00 8.234575519999999926e+01
1.207818346999999903e+00 8.246609338000000378e+01
1.208334059000000016e+00 8.256885814000000323e+01
1.208932496000000079e+00 8.283242384000000413e+01
1.209439659000000056e+00 8.295420966000000362e+01
1.209999582000000018e+00 8.311299341000000140e+01
1.210575815000000111e+00 8.316946923000000425e+01
1.211120020000000075e+00 8.338270565999999917e+01
1.211639464000000110e+00 8.346043333999999447e+01
1.212206853999999945e+00 8.354930310999999676e+01
1.212754300000000063e+00 8.379628026999999690e+01
1.213279443000000013e+00 8.394540516000000707e+01
1.213851057999999927e+00 8.398451520999999786e+01
1.214394573999999949e+00 8.413375283000000593e+01
1.214942511000000058e+00 8.428421855999999934e+01
1.215515402999999939e+00 8.436184538000000543e+01
1.216056070000000044e+00 8.453642858999999987e+01
1.216624737000000067e+00 8.469489194999999881e+01
1.217156758000000005e+00 8.472000022999999658e+01
1.217703613999999934e+00 8.482209457000000441e+01
1.218242021000000008e+00 8.493508180999999979e+01
1.218788878000000020e+00 8.502069439000000273e+01
1.219373167000000091e+00 8.514304977000000463e+01
1.219896344999999993e+00 8.534996166999999900e+01
1.220464129000000009e+00 8.543879583999999738e+01
1.221002241000000099e+00 8.558749355999999864e+01
1.221552143000000035e+00 8.572983114000000171e+01
1.222082788000000031e+00 8.570065879000000564e+01
