1.000000000000000000e+00 0.000000000000000000e+00
1.000556900000000082e+00 1.344263490000000005e-01
1.001134721999999977e+00 1.299902860000000104e-01
1.001670566999999901e+00 1.469279950000000057e-01
1.002224344000000045e+00 1.717968719999999894e-01
1.002792122000000008e+00 1.576821220000000079e-01
1.003350077999999979e+00 2.411608769999999957e-01
1.003885721999999925e+00 2.578297540000000221e-01
1.004452611000000051e+00 2.595772960000000129e-01
1.005000378000000083e+00 3.200691540000000224e-01
1.005545166999999962e+00 3.755872190000000277e-01
1.006124178000000091e+00 3.489708009999999971e-01
1.006690322000000082e+00 4.457577879999999881e-01
1.007232922000000030e+00 5.692956089999999802e-01
1.007795143999999921e+00 4.108069309999999863e-01
1.008363122000000001e+00 5.898628390000000277e-01
1.008896389000000005e+00 6.042464659999999821e-01
1.009470078000000104e+00 6.631251980000000268e-01
1.010002443999999944e+00 7.187777020000000183e-01
1.010574800000000106e+00 8.355942109999999756e-01
1.011125355999999975e+00 8.522630650000000418e-01
1.011688321999999918e+00 8.959516309999999706e-01
1.012257643999999956e+00 9.833287619999999674e-01
1.012793089000000091e+00 1.072856728000000093e+00
1.013352921999999934e+00 1.133214146999999894e+00
1.013920111000000013e+00 1.307430700999999917e+00
1.014474389000000087e+00 1.327325807000000024e+00
1.015012167000000076e+00 1.424784918999999928e+00
1.015597244000000066e+00 1.574401450000000091e+00
1.016142421999999934e+00 1.533132551000000010e+00
1.016678766999999928e+00 1.717027792000000108e+00
1.017258867000000011e+00 1.857100052000000057e+00
1.017807678000000049e+00 1.884926325999999985e+00
1.018347443999999991e+00 2.075677205999999941e+00
1.018915333000000034e+00 2.193703592999999952e+00
1.019484210999999974e+00 2.300841392000000152e+00
1.020028944000000104e+00 2.401661192999999805e+00
1.020580432999999898e+00 2.571441752000000136e+00
1.021133266999999956e+00 2.687182844000000070e+00
1.021694544000000038e+00 2.844058351000000151e+00
1.022227567000000059e+00 3.072448743999999898e+00
1.022801210999999988e+00 3.185635707999999955e+00
1.023387621999999997e+00 3.364422808000000042e+00
1.023913977999999947e+00 3.575337783000000158e+00
1.024453899999999917e+00 3.631931151999999940e+00
1.025047510999999911e+00 3.900246217999999931e+00
1.025601388999999974e+00 4.107531738999999682e+00
1.026124167000000087e+00 4.217761327999999921e+00
1.026718022000000063e+00 4.462282754000000295e+00
1.027265300000000048e+00 4.698201111999999569e+00
1.027787878000000044e+00 4.830073235999999604e+00
1.028372700000000028e+00 5.105512794000000021e+00
1.028953100000000065e+00 5.366703367000000391e+00
1.029480600000000079e+00 5.458381987000000102e+00
1.030019878000000055e+00 5.786248021999999658e+00
1.030605444000000093e+00 6.068139992999999954e+00
1.031177988999999906e+00 6.216412208000000383e+00
1.031688310999999914e+00 6.529894617000000068e+00
1.032256543999999998e+00 6.804661870000000334e+00
1.032829489000000045e+00 6.982776890000000236e+00
1.033381378000000073e+00 7.256065568000000354e+00
1.033918810999999938e+00 7.512147887000000246e+00
1.034493499999999955e+00 7.786108869999999627e+00
1.035050411000000059e+00 8.140053390000000277e+00
1.035569466999999966e+00 8.423289744999999940e+00
1.036155278000000068e+00 8.666198180000000306e+00
1.036711044000000026e+00 8.984250954000000178e+00
1.037277143999999929e+00 9.278510088000000877e+00
1.037798878000000036e+00 9.574651494999999457e+00
1.038410121999999935e+00 9.929268093999999323e+00
1.038938466999999921e+00 1.024006173000000075e+01
1.039492443999999960e+00 1.056376043000000031e+01
1.040054910999999915e+00 1.090721983000000073e+01
1.040630100000000002e+00 1.134249226999999927e+01
1.041159332999999965e+00 1.159991875000000050e+01
1.041703333000000065e+00 1.191998798999999920e+01
1.042275789000000064e+00 1.234988333999999988e+01
1.042834822000000106e+00 1.261537545000000016e+01
1.043388399999999994e+00 1.302524148000000004e+01
1.043956389000000096e+00 1.340902857999999931e+01
1.044508867000000008e+00 1.377910435999999983e+01
1.045035033000000002e+00 1.415375073000000050e+01
1.045629388999999909e+00 1.458283959000000074e+01
1.046184800000000026e+00 1.498343002000000013e+01
1.046732422000000051e+00 1.540983057000000045e+01
1.047291167000000023e+00 1.585666366999999966e+01
1.047844044000000086e+00 1.617942144999999954e+01
1.048385855999999894e+00 1.665461857000000023e+01
1.048924978000000063e+00 1.714608136000000016e+01
1.049530021999999896e+00 1.749290137999999928e+01
1.050064466999999890e+00 1.797428207999999827e+01
1.050612732999999910e+00 1.841183981000000003e+01
1.051183299999999932e+00 1.879226629000000059e+01
1.051728232999999957e+00 1.938508653999999964e+01
1.052273567000000076e+00 1.978675253000000112e+01
1.052820343999999908e+00 2.020723810000000142e+01
1.053409633000000012e+00 2.077586168999999927e+01
1.053951588999999966e+00 2.124729492999999891e+01
1.054508044000000089e+00 2.163161991999999856e+01
1.055055067000000069e+00 2.218868262000000158e+01
1.055607410999999995e+00 2.262274508999999867e+01
1.056170177999999904e+00 2.306541084999999924e+01
1.056744166999999957e+00 2.367086868000000166e+01
1.057300032999999972e+00 2.416085063999999960e+01
1.057830510999999918e+00 2.460029132000000018e+01
1.058387811000000012e+00 2.522013120000000086e+01
1.058955244000000073e+00 2.565016052000000002e+01
1.059508922000000020e+00 2.603112577999999999e+01
1.060054510999999922e+00 2.663053263999999842e+01
1.060625321999999926e+00 2.717818486999999905e+01
1.061160077999999896e+00 2.762784206999999981e+01
1.061724133000000014e+00 2.818154301999999944e+01
1.062302156000000108e+00 2.863913210000000120e+01
1.062839233000000050e+00 2.911540408999999840e+01
1.063385366999999970e+00 2.976885018999999843e+01
1.063952656000000108e+00 3.026824351000000135e+01
1.064514278000000091e+00 3.064880507999999892e+01
1.065046699999999902e+00 3.121568149000000147e+01
1.065613689000000086e+00 3.177906219000000121e+01
1.066197711000000048e+00 3.221796384999999674e+01
1.066726355999999987e+00 3.277435537000000210e+01
1.067285599999999945e+00 3.329216548000000131e+01
1.067862222000000028e+00 3.372676629000000048e+01
1.068407300000000060e+00 3.426662195000000111e+01
1.068949066999999920e+00 3.482113030000000009e+01
1.069501843999999924e+00 3.529834274000000249e+01
1.070080356000000066e+00 3.574598369999999647e+01
1.070606122000000049e+00 3.635412758999999738e+01
1.071184133000000038e+00 3.679262780999999904e+01
1.071756589000000037e+00 3.734565667999999761e+01
1.072293077999999955e+00 3.783738875000000235e+01
1.072860911000000028e+00 3.830653625000000062e+01
1.073420601999999890e+00 3.879020337000000040e+01
1.073966978999999933e+00 3.928502519999999976e+01
1.074511516999999916e+00 3.974449520000000291e+01
1.075064299999999973e+00 4.030007933000000264e+01
1.075625378000000021e+00 4.077231883999999695e+01
1.076155959000000051e+00 4.123313300000000226e+01
1.076738742999999943e+00 4.172594085000000064e+01
1.077314872000000090e+00 4.228421328999999673e+01
1.077859211000000039e+00 4.271088221000000118e+01
1.078403600999999989e+00 4.321887951000000072e+01
1.078975656999999977e+00 4.369703241999999932e+01
1.079537280999999904e+00 4.406899227000000252e+01
1.080071339000000075e+00 4.463183395000000075e+01
1.080610164000000095e+00 4.511187002999999862e+01
1.081210382999999942e+00 4.551770448999999985e+01
1.081737289000000102e+00 4.607812848999999744e+01
1.082290965999999965e+00 4.658074689000000035e+01
1.082889744000000043e+00 4.706481770999999981e+01
1.083423255999999890e+00 4.752670539999999733e+01
1.083966452000000080e+00 4.798187453999999974e+01
1.084495592999999980e+00 4.836256918000000127e+01
1.085086226000000043e+00 4.892742934999999704e+01
1.085634240000000084e+00 4.942937566999999888e+01
1.086181808999999943e+00 4.983265487999999976e+01
1.086783021000000016e+00 5.031874193000000162e+01
1.087302672999999942e+00 5.080321418999999850e+01
1.087853073000000004e+00 5.116428319999999985e+01
1.088413008999999931e+00 5.176570629999999795e+01
1.088990479000000011e+00 5.215997784000000337e+01
1.089515446999999915e+00 5.252965082000000052e+01
1.090056458000000061e+00 5.309491469000000308e+01
1.090640980999999954e+00 5.363140994999999833e+01
1.091197490000000103e+00 5.402406895000000020e+01
1.091713914000000063e+00 5.447749024000000162e+01
1.092318356000000046e+00 5.495309015000000130e+01
1.092881221999999930e+00 5.531509961999999803e+01
1.093423078000000048e+00 5.591477486000000141e+01
1.093984354000000048e+00 5.633149791000000306e+01
1.094534306999999984e+00 5.671810819000000237e+01
1.095086345999999988e+00 5.718375997999999782e+01
1.095634409999999948e+00 5.768638063000000216e+01
1.096172788999999925e+00 5.808387951000000271e+01
1.096728055999999896e+00 5.850866751000000221e+01
1.097308208000000063e+00 5.902768644999999736e+01
1.097872862000000005e+00 5.942585739999999817e+01
1.098440249000000035e+00 5.981515601000000260e+01
1.098975299999999988e+00 6.030258721999999949e+01
1.099531362000000012e+00 6.072495303000000177e+01
1.100085882999999987e+00 6.121977712000000338e+01
1.100659131000000013e+00 6.168126336000000265e+01
1.101181219000000100e+00 6.208790296000000097e+01
1.101749947000000063e+00 6.243418396999999942e+01
1.102320114000000073e+00 6.287631297000000075e+01
1.102849055999999939e+00 6.329518532000000164e+01
1.103422600999999892e+00 6.376742483999999678e+01
1.103973845999999925e+00 6.413911405999999715e+01
1.104520171000000106e+00 6.453607617000000118e+01
1.105109761000000024e+00 6.501691965000000550e+01
1.105631102000000032e+00 6.547571532000000616e+01
1.106197893000000043e+00 6.579618892999999957e+01
1.106767712999999986e+00 6.628657459000000074e+01
1.107291240999999982e+00 6.668447716000000014e+01
1.107844371999999966e+00 6.701113254999999924e+01
1.108429142999999950e+00 6.748753985999999827e+01
1.108981479999999964e+00 6.791232786000000488e+01
1.109547127999999994e+00 6.827541311000000235e+01
1.110090226000000069e+00 6.867344873999999777e+01
1.110658656000000022e+00 6.908667608000000371e+01
1.111183127000000104e+00 6.950864043999999353e+01
1.111745943000000070e+00 6.993759624000000485e+01
1.112321971999999937e+00 7.044465082000000677e+01
1.112891496000000036e+00 7.069441627000000494e+01
1.113410950000000010e+00 7.110414788999999303e+01
1.114009132000000069e+00 7.162894717000000355e+01
1.114547361999999930e+00 7.195358631999999943e+01
1.115073224000000085e+00 7.233481996999999808e+01
1.115652531000000058e+00 7.272425388999999996e+01
1.116223791999999992e+00 7.317404414000000656e+01
1.116749704000000065e+00 7.348913887000000500e+01
1.117278149000000109e+00 7.389887047999999936e+01
1.117890786000000025e+00 7.427889528999999413e+01
1.118448585999999967e+00 7.471752858000000685e+01
1.118977228999999962e+00 7.510413660999999763e+01
1.119542132000000079e+00 7.549263007000000414e+01
1.120087513999999951e+00 7.587184747999999956e+01
1.120657731999999962e+00 7.628614833999999689e+01
1.121183743000000010e+00 7.658296160000000441e+01
1.121754407999999925e+00 7.709512669000000074e+01
1.122310122000000021e+00 7.743657007999999564e+01
1.122862358999999977e+00 7.775341265999999507e+01
1.123427659999999939e+00 7.827861563999999817e+01
1.123990277999999954e+00 7.863444332999999631e+01
1.124524733000000110e+00 7.885476808999999321e+01
1.125092269000000034e+00 7.930307886999999312e+01
1.125660002000000048e+00 7.973364721000000088e+01
1.126195947999999891e+00 8.000922006000000408e+01
1.126765967000000090e+00 8.045403738000000260e+01
1.127315620999999934e+00 8.089388175999999930e+01
1.127903273000000040e+00 8.114660164999999381e+01
1.128418058999999918e+00 8.155162871999999652e+01
1.128970742999999999e+00 8.199510188000000710e+01
1.129530330999999999e+00 8.231691739999999413e+01
1.130103977000000093e+00 8.263994400999999357e+01
1.130637636999999973e+00 8.302184973999999329e+01
1.131198665999999964e+00 8.339353896000000077e+01
1.131764760000000036e+00 8.375191965000000494e+01
1.132301599999999908e+00 8.407629042000000652e+01
1.132856319999999917e+00 8.442767969000000505e+01
1.133456637999999961e+00 8.481321644999999876e+01
1.133968542999999940e+00 8.517562961999999516e+01
1.134544323000000077e+00 8.550416592999999921e+01
1.135130039000000091e+00 8.589736394000000530e+01
1.135648151999999911e+00 8.619538604999999620e+01
1.136193634000000063e+00 8.656344649000000402e+01
1.136770457999999984e+00 8.694454482000000439e+01
1.137324879999999983e+00 8.730534545000000435e+01
1.137863408999999937e+00 8.759678207999999699e+01
1.138433626999999948e+00 8.797317585000000406e+01
1.138979603999999979e+00 8.836368328999999733e+01
1.139543712999999903e+00 8.857594310999999720e+01
1.140084973000000002e+00 8.896268870999999478e+01
1.140675407000000030e+00 8.935669187000000591e+01
1.141222229999999893e+00 8.959193768999999463e+01
1.141778490000000090e+00 9.003164676000000100e+01
1.142322979000000016e+00 9.043169862999999964e+01
1.142874072999999990e+00 9.067864043999999524e+01
1.143433362999999980e+00 9.105879831999999396e+01
1.143977454000000060e+00 9.136569276999999545e+01
1.144567639999999997e+00 9.166936214000000405e+01
1.145076068000000058e+00 9.204253083999999774e+01
1.145662329000000090e+00 9.240427192999999306e+01
1.146212529000000035e+00 9.269705270999999414e+01
1.146782549000000095e+00 9.308984703000000138e+01
1.147311291000000066e+00 9.339687680000000114e+01
1.147884837000000102e+00 9.366734139000000425e+01
1.148438762999999918e+00 9.412869231999999897e+01
1.148978382999999992e+00 9.443814202000000080e+01
1.149558733999999971e+00 9.473804730000000518e+01
1.150106799000000013e+00 9.505287364000000139e+01
1.150641750999999990e+00 9.547120922999999948e+01
1.151205362000000010e+00 9.565053263999999444e+01
1.151740562000000079e+00 9.608083259999999370e+01
1.152315648000000081e+00 9.641340363999999852e+01
1.152883630000000048e+00 9.666249474999999336e+01
1.153447590000000078e+00 9.704359307999999373e+01
1.153988650999999921e+00 9.743813525999999570e+01
1.154534828000000068e+00 9.769986282000000699e+01
1.155102662000000002e+00 9.807921555000000069e+01
1.155653260000000015e+00 9.841259173000000260e+01
1.156208576999999904e+00 9.867405091000000539e+01
1.156796527000000019e+00 9.899385243999999773e+01
1.157330286999999958e+00 9.939376900000000603e+01
1.157879096000000052e+00 9.965469140999999809e+01
1.158431084000000055e+00 1.000101154000000037e+02
1.159002048000000062e+00 1.003051808000000023e+02
1.159543307999999939e+00 1.005682524999999998e+02
1.160090279000000058e+00 1.009189719999999966e+02
1.160652400999999889e+00 1.013336764999999957e+02
1.161210896999999909e+00 1.015366602999999941e+02
1.161757570000000017e+00 1.018834803000000022e+02
1.162333599999999967e+00 1.022746597999999949e+02
1.162909181999999930e+00 1.025611234999999937e+02
1.163444630000000091e+00 1.028653297000000038e+02
1.163975062000000005e+00 1.032073120999999958e+02
1.164568623999999941e+00 1.034932366999999971e+02
1.165115993999999988e+00 1.038840126000000055e+02
1.165659986000000092e+00 1.041121339000000035e+02
1.166228118000000036e+00 1.044443011999999982e+02
1.166782441000000059e+00 1.047432660999999996e+02
1.167290818999999980e+00 1.050244861999999983e+02
1.167884182999999965e+00 1.053942921999999953e+02
1.168471387999999944e+00 1.056643554000000051e+02
1.169000130999999998e+00 1.059809295999999961e+02
1.169528029999999941e+00 1.062579819000000043e+02
1.170099538999999966e+00 1.065804717000000039e+02
1.170681379999999994e+00 1.068966422000000023e+02
1.171200932999999944e+00 1.071107829999999979e+02
1.171761118000000046e+00 1.075549282000000062e+02
1.172337991000000024e+00 1.078083223999999944e+02
1.172904286000000074e+00 1.079686923000000007e+02
1.173426869000000039e+00 1.084092064999999963e+02
1.173986159000000029e+00 1.086708009999999973e+02
1.174549324000000006e+00 1.088604763000000020e+02
1.175081891000000045e+00 1.092638907999999986e+02
1.175669344999999977e+00 1.095926977000000022e+02
1.176208617999999984e+00 1.098017301999999944e+02
1.176770839000000013e+00 1.101420978000000019e+02
1.177325857000000031e+00 1.104467077000000046e+02
1.177919221000000016e+00 1.106707964999999945e+02
1.178427847999999889e+00 1.109767504999999943e+02
1.178989472999999899e+00 1.113058257999999938e+02
1.179570717000000046e+00 1.115896012000000042e+02
1.180118583000000054e+00 1.118194704000000002e+02
1.180647921999999905e+00 1.121410175000000038e+02
1.181228372000000082e+00 1.123491094999999973e+02
1.181799881000000108e+00 1.127304763000000065e+02
1.182307763000000067e+00 1.129633043999999984e+02
1.182866605999999932e+00 1.132414325000000019e+02
1.183446409999999949e+00 1.134579932000000042e+02
1.184011512000000099e+00 1.138335795999999931e+02
1.184561712000000044e+00 1.140087374000000011e+02
1.185112061999999966e+00 1.143249078999999995e+02
1.185665887999999946e+00 1.146215858999999995e+02
1.186215940000000080e+00 1.148626143000000042e+02
1.186774038000000031e+00 1.151055214000000007e+02
1.187338196000000012e+00 1.153901019000000048e+02
1.187885167999999991e+00 1.156844952000000006e+02
1.188436907999999903e+00 1.159256567000000047e+02
1.189003749000000054e+00 1.161920910999999990e+02
1.189568304000000021e+00 1.163632142000000016e+02
1.190113984999999985e+00 1.166137848000000048e+02
1.190673969999999970e+00 1.169630247000000054e+02
1.191226008999999975e+00 1.170893868999999938e+02
1.191770398000000064e+00 1.174669896000000051e+02
1.192315978999999970e+00 1.177209205999999995e+02
1.192897322999999954e+00 1.178580359999999985e+02
1.193431480000000100e+00 1.181678894000000071e+02
1.193987888999999969e+00 1.183839111000000059e+02
1.194544993999999916e+00 1.185938862999999941e+02
1.195100111999999992e+00 1.189027970000000067e+02
1.195670031999999994e+00 1.191614347999999950e+02
1.196248693000000030e+00 1.193766513000000060e+02
1.196755232999999974e+00 1.196094772000000006e+02
1.197322967999999932e+00 1.198779255000000035e+02
1.197861298000000074e+00 1.200819850999999971e+02
1.198402308999999999e+00 1.203036539999999945e+02
1.198967757999999995e+00 1.205378263000000061e+02
1.199555758000000028e+00 1.207627202999999980e+02
1.200120611000000004e+00 1.210662542999999971e+02
1.200646324000000043e+00 1.212135863000000029e+02
1.201224687999999929e+00 1.213949281999999954e+02
1.201785169999999958e+00 1.217106950000000012e+02
1.202317241000000037e+00 1.219333043999999973e+02
1.202855768999999908e+00 1.221052372000000048e+02
1.203436120000000109e+00 1.224040667000000013e+02
1.203999980000000081e+00 1.226300365000000028e+02
1.204519434000000055e+00 1.227736043999999964e+02
1.205100778999999900e+00 1.230532118999999938e+02
1.205660565999999934e+00 1.232889945000000012e+02
1.206218763000000083e+00 1.233876639000000068e+02
1.206755403000000060e+00 1.237399958999999967e+02
1.207336946000000077e+00 1.239744342999999986e+02
1.207855308000000072e+00 1.241175984999999997e+02
1.208420459000000058e+00 1.243310670999999985e+02
1.209008657999999903e+00 1.245797567999999984e+02
1.209534668999999951e+00 1.247143169999999941e+02
1.210083229999999954e+00 1.250154334000000063e+02
1.210647586999999969e+00 1.251666625000000010e+02
1.211228533000000107e+00 1.253037779999999941e+02
1.211761697000000026e+00 1.255508528999999953e+02
1.212330126999999980e+00 1.257803183999999987e+02
1.212896470000000004e+00 1.259517122000000029e+02
1.213437878999999997e+00 1.261684080999999935e+02
1.213965976999999974e+00 1.264216670999999934e+02
1.214547518999999909e+00 1.265840531999999996e+02
1.215096379000000004e+00 1.267398538000000059e+02
1.215659344000000086e+00 1.269682434999999998e+02
1.216200554000000045e+00 1.271322444000000047e+02
1.216772361999999941e+00 1.273188276000000059e+02
1.217360162999999940e+00 1.274653521999999981e+02
1.217868291999999908e+00 1.276152371999999957e+02
1.218441987000000060e+00 1.279289899999999989e+02
1.218997501999999900e+00 1.281568430000000092e+02
1.219531659999999906e+00 1.281915250000000128e+02
1.220081114000000078e+00 1.283988095999999928e+02
1.220681930000000026e+00 1.286792222999999922e+02
1.221215689999999965e+00 1.287247929000000113e+02
1.221765541999999982e+00 1.288847613000000081e+02
1.222361489999999939e+00 1.292029480999999862e+02
1.222882236000000011e+00 1.292592718999999875e+02
1.223413411999999978e+00 1.294114438000000007e+02
1.223992769000000091e+00 1.297136337000000026e+02
1.224556033000000044e+00 1.297557085999999913e+02
1.225100521999999970e+00 1.299748245000000111e+02
1.225666069999999941e+00 1.301220211000000120e+02
1.226219300999999984e+00 1.302456928000000005e+02
1.226789021999999951e+00 1.303401943000000074e+02
1.227318311000000106e+00 1.305070188999999914e+02
1.227882369999999890e+00 1.305676435999999967e+02
1.228456462000000027e+00 1.308393192999999997e+02
1.229002837999999986e+00 1.309620505000000037e+02
1.229541267000000104e+00 1.310351785999999947e+02
1.230109200000000014e+00 1.311311595999999895e+02
1.230632329999999941e+00 1.313470481999999890e+02
1.231194700000000086e+00 1.314266287000000091e+02
1.231759851000000072e+00 1.315329592999999875e+02
1.232330565999999905e+00 1.316195313000000056e+02
1.232872073000000013e+00 1.317141659000000118e+02
1.233462457999999984e+00 1.319444388000000004e+02
1.233983601000000041e+00 1.320851830999999947e+02
1.234525507000000077e+00 1.320866624999999885e+02
1.235088968999999981e+00 1.322115430000000060e+02
1.235657797000000002e+00 1.324157379000000105e+02
1.236226623000000080e+00 1.324434283999999877e+02
1.236772203999999986e+00 1.326396914000000038e+02
1.237313215999999993e+00 1.326782728000000020e+02
1.237905786000000008e+00 1.326749124000000108e+02
1.238417987999999914e+00 1.328776255999999876e+02
1.238982443999999905e+00 1.330314099999999939e+02
1.239551172000000090e+00 1.330982209999999952e+02
1.240123872999999932e+00 1.331568293999999923e+02
1.240651672000000039e+00 1.332921971000000099e+02
1.241213546000000001e+00 1.333533607999999901e+02
1.241770948000000097e+00 1.334438298999999972e+02
1.242316927000000071e+00 1.335496238000000062e+02
1.242877111000000090e+00 1.336603905999999995e+02
1.243442262000000076e+00 1.337308303000000080e+02
1.243998869999999979e+00 1.338847478000000137e+02
1.244562036000000038e+00 1.338785660000000064e+02
1.245101755999999948e+00 1.339632547999999872e+02
1.245668298000000007e+00 1.341382772999999986e+02
1.246232057999999920e+00 1.341445943999999884e+02
1.246770189000000029e+00 1.342845335000000091e+02
1.247320141000000104e+00 1.344161370999999860e+02
1.247871087000000045e+00 1.344139854999999955e+02
1.248456701999999918e+00 1.345270369000000130e+02
1.249005362999999980e+00 1.346769242000000020e+02
1.249556010000000050e+00 1.346804175999999984e+02
1.250102883000000054e+00 1.348337983000000122e+02
1.250609622000000032e+00 1.348601470000000120e+02
1.251185900000000073e+00 1.348329932000000042e+02
1.251769925999999922e+00 1.350275082999999938e+02
1.252338554000000048e+00 1.350986178999999936e+02
1.252888605999999960e+00 1.351385434999999973e+02
1.253418590000000110e+00 1.352522692000000006e+02
1.254016623000000052e+00 1.353098018999999965e+02
1.254510448000000000e+00 1.353055010999999865e+02
1.255097356000000053e+00 1.354721902999999941e+02
1.255668368000000035e+00 1.355820166000000029e+02
1.256227160999999981e+00 1.355266331999999920e+02
1.256746020000000019e+00 1.356376683999999955e+02
1.257328852999999969e+00 1.357128127000000006e+02
1.257898873000000028e+00 1.357383539999999869e+02
1.258435216000000079e+00 1.357719601999999952e+02
1.258968080999999906e+00 1.358414596000000074e+02
1.259555683000000093e+00 1.359047726000000011e+02
1.260103350999999927e+00 1.360202462000000025e+02
1.260679727999999944e+00 1.360425601999999969e+02
1.261204943999999939e+00 1.359929571000000124e+02
1.261772380000000027e+00 1.360279074999999978e+02
1.262290742000000021e+00 1.362017212000000086e+02
1.262881225999999968e+00 1.362049485000000004e+02
1.263450549000000089e+00 1.362786134000000118e+02
1.263990369000000058e+00 1.362688005999999916e+02
1.264527603999999972e+00 1.363096666000000141e+02
1.265112228000000005e+00 1.363603454999999940e+02
1.265664861000000085e+00 1.364041681999999867e+02
