1.000000000000000000e+00 0.000000000000000000e+00
1.000567160999999983e+00 7.768695500000000198e-02
1.001135102999999971e+00 1.601958539999999986e-01
1.001753815999999908e+00 2.126345510000000050e-01
1.002283931000000017e+00 3.086716970000000226e-01
1.002845092000000049e+00 4.454944940000000186e-01
1.003451102999999955e+00 5.426031799999999627e-01
1.004036667000000049e+00 7.084246400000000499e-01
1.004601574999999913e+00 8.656737420000000238e-01
1.005185908000000072e+00 1.043215202000000064e+00
1.005742539999999963e+00 1.216604416000000022e+00
1.006312493999999891e+00 1.429707786999999897e+00
1.006889528999999950e+00 1.621112392999999985e+00
1.007454838999999991e+00 1.829929584000000053e+00
1.008054747000000084e+00 2.071763741999999908e+00
1.008625815999999897e+00 2.315071157000000213e+00
1.009200332999999894e+00 2.584497562000000137e+00
1.009766264000000024e+00 2.873613628999999836e+00
1.010339966000000089e+00 3.102589247000000050e+00
1.010937701000000022e+00 3.419364416000000073e+00
1.011526356000000071e+00 3.745582617999999808e+00
1.012049897000000032e+00 4.023983291999999601e+00
1.012655034000000009e+00 4.371163517000000276e+00
1.013240965999999910e+00 4.691354302999999781e+00
1.013801447999999938e+00 5.017974416000000382e+00
1.014374631999999998e+00 5.377544416000000105e+00
1.014968781999999958e+00 5.760755427000000317e+00
1.015522585999999894e+00 6.119387899000000353e+00
1.016089448000000006e+00 6.506148347999999970e+00
1.016687907999999974e+00 6.885474978000000412e+00
1.017261299000000063e+00 7.225020596000000239e+00
1.017838644000000015e+00 7.654040034000000325e+00
1.018401080000000070e+00 8.049841718999999785e+00
1.018994401999999910e+00 8.411085989000000041e+00
1.019553356000000077e+00 8.856647449000000449e+00
1.020150632000000002e+00 9.247962056000000430e+00
1.020693344999999974e+00 9.599629359999999778e+00
1.021250908000000068e+00 1.005563846000000083e+01
1.021884460000000105e+00 1.053743148999999946e+01
1.022448908000000101e+00 1.093658137999999980e+01
1.023007079999999958e+00 1.136607015000000054e+01
1.023547943000000071e+00 1.178169487000000082e+01
1.024175483000000053e+00 1.219765553999999952e+01
1.024748460000000083e+00 1.266598699999999944e+01
1.025269229999999920e+00 1.308891172000000047e+01
1.025898989000000094e+00 1.355041283999999990e+01
1.026481723999999929e+00 1.396389487000000074e+01
1.027017344999999970e+00 1.442137688999999945e+01
1.027618010999999942e+00 1.486787688999999979e+01
1.028216575000000077e+00 1.532294766999999958e+01
1.028765608999999914e+00 1.579844542999999923e+01
1.029331551999999927e+00 1.616732408000000021e+01
1.029903344999999915e+00 1.672593419000000026e+01
1.030511149000000071e+00 1.719460047999999830e+01
1.031073700999999954e+00 1.757265441999999922e+01
1.031653861999999977e+00 1.802591845999999975e+01
1.032247598000000099e+00 1.854762632999999994e+01
1.032779620999999981e+00 1.895400946999999903e+01
1.033356654999999957e+00 1.946239037000000138e+01
1.033972539999999940e+00 1.990688026000000121e+01
1.034535447999999969e+00 2.034219487000000015e+01
1.035085401999999988e+00 2.082740272999999931e+01
1.035673631999999955e+00 2.136351060000000146e+01
1.036260540000000008e+00 2.179661508999999953e+01
1.036808850999999976e+00 2.227780497999999909e+01
1.037405102999999995e+00 2.275879486999999912e+01
1.037961942999999998e+00 2.320730272999999855e+01
1.038539080000000059e+00 2.368025554000000099e+01
1.039116010999999951e+00 2.416573194000000058e+01
1.039680758999999899e+00 2.463058137999999886e+01
1.040278551999999967e+00 2.512268811999999940e+01
1.040851068999999907e+00 2.559865441999999902e+01
1.041421528999999957e+00 2.605821283999999949e+01
1.042005091999999911e+00 2.656170497999999824e+01
1.042588287000000058e+00 2.704389936000000105e+01
1.043165735999999955e+00 2.750459710999999885e+01
1.043733207000000052e+00 2.802884991999999897e+01
1.044286862000000093e+00 2.847119710999999853e+01
1.044858712999999995e+00 2.893122407999999979e+01
1.045432874000000067e+00 2.945694991999999957e+01
1.046037290999999980e+00 2.993499261999999916e+01
1.046605333000000027e+00 3.040232071000000147e+01
1.047161659999999994e+00 3.090072182999999839e+01
1.047753699000000038e+00 3.140548588000000052e+01
1.048339571000000081e+00 3.187381845999999896e+01
1.048880637999999976e+00 3.234107800999999682e+01
1.049498623999999936e+00 3.283238138000000106e+01
1.050080386000000088e+00 3.334350835000000046e+01
1.050633681999999958e+00 3.379168137999999999e+01
1.051171510999999947e+00 3.430950497999999982e+01
1.051784411000000086e+00 3.478955666000000235e+01
1.052359647999999925e+00 3.527088137999999873e+01
1.052922501000000066e+00 3.577310047999999654e+01
1.053515925999999991e+00 3.623908811999999813e+01
1.054100256999999985e+00 3.674063756000000325e+01
1.054662082999999972e+00 3.721184991999999880e+01
1.055226784999999889e+00 3.767489036999999996e+01
1.055825813000000002e+00 3.817583755999999795e+01
1.056350743999999953e+00 3.866184992000000165e+01
1.056965031999999916e+00 3.915154542999999876e+01
1.057532662999999928e+00 3.965965778999999714e+01
1.058113244000000064e+00 4.012799036999999913e+01
1.058680771999999992e+00 4.061420273000000236e+01
1.059257909000000053e+00 4.106639487000000344e+01
1.059822971000000003e+00 4.158924093000000255e+01
1.060407971000000060e+00 4.202750273000000192e+01
1.060989629999999906e+00 4.252838251000000014e+01
1.061564506999999935e+00 4.303100384999999761e+01
1.062145445999999938e+00 4.352599037000000237e+01
1.062701979000000074e+00 4.399157688999999749e+01
1.063274389000000042e+00 4.450049262000000283e+01
1.063856509999999922e+00 4.489502182999999746e+01
1.064458313000000045e+00 4.543749148999999932e+01
1.065009397999999941e+00 4.594279148999999762e+01
1.065586791999999949e+00 4.635218812000000099e+01
1.066143016999999915e+00 4.684268811999999826e+01
1.066745279999999907e+00 4.730325103999999925e+01
1.067305871999999933e+00 4.775075441999999981e+01
1.067870625999999934e+00 4.825069710999999728e+01
1.068448638000000006e+00 4.872237688999999961e+01
1.069049103000000001e+00 4.916840721999999886e+01
1.069619148999999991e+00 4.963178363000000104e+01
1.070178301999999970e+00 5.007165217000000013e+01
1.070746860000000078e+00 5.055237352000000328e+01
1.071348301000000003e+00 5.098112520000000103e+01
1.071916239999999965e+00 5.149506453000000050e+01
1.072497489000000082e+00 5.188242745000000156e+01
1.073073598999999989e+00 5.235678699999999708e+01
1.073657982000000066e+00 5.275687463999999949e+01
1.074205418000000023e+00 5.316473082000000261e+01
1.074775876999999991e+00 5.364217126999999863e+01
1.075363650999999976e+00 5.407581171999999725e+01
1.075918025000000000e+00 5.449853531000000118e+01
1.076527379000000062e+00 5.495816116000000306e+01
1.077089718000000085e+00 5.537512633000000051e+01
1.077653804999999965e+00 5.576108251000000138e+01
1.078241371999999920e+00 5.622854430000000292e+01
1.078820308999999922e+00 5.662742632999999870e+01
1.079368415000000025e+00 5.699356002999999760e+01
1.079960092999999954e+00 5.741481060000000269e+01
1.080554701000000062e+00 5.784784767000000016e+01
1.081109537999999981e+00 5.820641396999999984e+01
1.081706304999999979e+00 5.865920835000000011e+01
1.082280152999999912e+00 5.905762183000000221e+01
1.082857444999999919e+00 5.941290498000000042e+01
1.083396454999999925e+00 5.983730384999999785e+01
1.084006170000000102e+00 6.017638026000000195e+01
1.084581457000000082e+00 6.055296116000000239e+01
1.085120314999999946e+00 6.093905216999999652e+01
1.085710144000000099e+00 6.134556901999999923e+01
1.086302695000000096e+00 6.151467239000000120e+01
1.086845663000000073e+00 6.200791733999999877e+01
1.087431073999999942e+00 6.238322632999999939e+01
1.088023267000000072e+00 6.269638475000000000e+01
1.088579900999999905e+00 6.292221284000000026e+01
1.089138232999999900e+00 6.334339598999999765e+01
1.089736438000000085e+00 6.362085891000000260e+01
1.090326112999999930e+00 6.399469374000000244e+01
1.090895028999999905e+00 6.437649935999999684e+01
1.091455467000000068e+00 6.466173082000000250e+01
1.092051306999999971e+00 6.422427238999999588e+01
1.092619452999999963e+00 6.415268025999999679e+01
1.093175728999999929e+00 6.462442744999999888e+01
1.093784671999999958e+00 6.513997464000000548e+01
1.094337864000000105e+00 6.552693530999999894e+01
1.094921939000000011e+00 6.574412408000000596e+01
1.095487155000000046e+00 6.621346002999999314e+01
1.096082945000000031e+00 6.658073194000000683e+01
1.096640762000000047e+00 6.680461846000000037e+01
1.097202484999999950e+00 6.719733868999999515e+01
1.097830593999999937e+00 6.753989823999999942e+01
1.098371353000000106e+00 6.786665216999999473e+01
1.098957020000000062e+00 6.815978699999999435e+01
1.099528196999999929e+00 6.850040384999999787e+01
1.100107954000000055e+00 6.875281957999999349e+01
1.100654723999999973e+00 6.904006003000000646e+01
1.101213363000000056e+00 6.939179486999999824e+01
1.101828628000000032e+00 6.963228924999999947e+01
1.102386958999999944e+00 6.996982520000000250e+01
1.102936863000000045e+00 7.023563531000000637e+01
1.103550996999999922e+00 7.052388138000000595e+01
1.104138051000000065e+00 7.085070161000000155e+01
1.104714366000000059e+00 7.111711397000000545e+01
1.105264578000000109e+00 7.136691845999999373e+01
1.105836782999999990e+00 7.171892071000000612e+01
1.106382678999999980e+00 7.195231621000000644e+01
1.106971171999999948e+00 7.225455891000000008e+01
1.107601132000000099e+00 7.257073081999999431e+01
1.108166809999999947e+00 7.282843755999999757e+01
1.108701299999999890e+00 7.309551958000000127e+01
1.109292825000000038e+00 7.340164654999999527e+01
1.109867804999999930e+00 7.366437575999999865e+01
1.110420586000000043e+00 7.388906565000000626e+01
1.110978248999999973e+00 7.422017239000000188e+01
1.111602144999999986e+00 7.447854879999999866e+01
1.112156211000000061e+00 7.474127801000000204e+01
1.112732526000000055e+00 7.499047912999999710e+01
1.113358016000000061e+00 7.151097351999999319e+01
1.113893019999999900e+00 7.347859710999999550e+01
1.114447753000000096e+00 7.323528924999999390e+01
1.115036965999999907e+00 7.397693194000000005e+01
1.115615078999999898e+00 7.375505554000000075e+01
1.116178652000000104e+00 7.429377463999999520e+01
1.116771975000000028e+00 7.498371509000000401e+01
1.117336061000000047e+00 7.505028475000000299e+01
1.117925993000000062e+00 7.538293194000000597e+01
1.118485453999999990e+00 7.568718363000000693e+01
1.119067268000000004e+00 7.597676789999999869e+01
1.119637468000000080e+00 7.630198138000000085e+01
1.120213938000000020e+00 7.667253531000000066e+01
1.120796161999999985e+00 7.692983981000000426e+01
1.121368418000000089e+00 7.732678026000000671e+01
1.121921251999999924e+00 7.759627351999999689e+01
1.122521510999999972e+00 7.785016228000000638e+01
1.123082565999999893e+00 7.811965553999999656e+01
1.123678970999999915e+00 7.836356564999999819e+01
1.124229801000000029e+00 7.861423981000000083e+01
1.124809096999999980e+00 7.884522520000000156e+01
1.125377601000000061e+00 7.913641733999999417e+01
1.125961264000000073e+00 7.938608700000000340e+01
1.126548215999999991e+00 7.961037464000000341e+01
1.127106495000000042e+00 7.987651957999999297e+01
1.127688875000000035e+00 7.998374092999999618e+01
1.128253936999999985e+00 8.018994655000000193e+01
1.128844023000000085e+00 8.048174093000000084e+01
1.129418848000000031e+00 8.063282857000000092e+01
1.129978257000000097e+00 8.094036228000000222e+01
1.130562075000000055e+00 8.116277463999999497e+01
1.131131968000000043e+00 8.139831284000000267e+01
1.131707975000000088e+00 8.166191283999999939e+01
1.132302324999999943e+00 8.191854766999999526e+01
1.132857007999999999e+00 8.212743193999999392e+01
1.133433015000000044e+00 8.236886452999999619e+01
1.134028342999999994e+00 8.262375778999999909e+01
1.134592993000000050e+00 8.282025217000000339e+01
1.135125992999999944e+00 8.299337352000000578e+01
1.135746856999999999e+00 8.327070272999999645e+01
1.136309864000000003e+00 8.349177575999999590e+01
1.136864239000000110e+00 8.369737800999999422e+01
1.137449444000000032e+00 8.396841172000000597e+01
1.138053197999999933e+00 8.415666901999999538e+01
1.138621034000000032e+00 8.434586339999999893e+01
1.139158144999999900e+00 8.461629374000000325e+01
1.139760665999999922e+00 8.482196340000000134e+01
1.140343557000000008e+00 8.506520385000000317e+01
1.140899113999999992e+00 8.523638363000000595e+01
1.141454823999999979e+00 8.544118251000000441e+01
1.142075946000000064e+00 8.570846564999999373e+01
1.142646711000000037e+00 8.589913307000000486e+01
1.143191118000000062e+00 8.607821509000000049e+01
1.143804738000000043e+00 8.628388474999999858e+01
1.144353460000000045e+00 8.650435441999999853e+01
1.144907013000000084e+00 8.670794879999999694e+01
1.145516213999999922e+00 8.692312744999999552e+01
1.146098848000000059e+00 8.715612183000000357e+01
1.146643923000000065e+00 8.726428026000000671e+01
1.147243567000000075e+00 8.748870272999999997e+01
1.147801588999999955e+00 8.767896790000000351e+01
1.148385200999999967e+00 8.787519487000000140e+01
1.148932432999999920e+00 8.806110721999999669e+01
1.149519281999999976e+00 8.827481396999999674e+01
1.150121135000000017e+00 8.839288474999999323e+01
1.150673300000000010e+00 8.864235329000000263e+01
1.151253622999999893e+00 8.883188250999999980e+01
1.151843401000000044e+00 8.897386228000000585e+01
1.152401218000000060e+00 8.914182744999999386e+01
1.152961346999999970e+00 8.937435216999999454e+01
1.153555029999999926e+00 8.949228924999999890e+01
1.154133966000000067e+00 8.969233307000000366e+01
1.154709562000000078e+00 8.988614880000000085e+01
1.155304529999999996e+00 9.002216789999999946e+01
1.155859879999999951e+00 9.020794655000000262e+01
1.156420935000000094e+00 9.038937239000000545e+01
1.156992522999999995e+00 9.051159486999999615e+01
1.157562106999999951e+00 9.068712745000000552e+01
1.158162726000000031e+00 9.084926565000000664e+01
1.158734005999999983e+00 9.098789711000000580e+01
1.159302357000000061e+00 9.119798588000000450e+01
1.159881138999999894e+00 9.136695554000000641e+01
1.160452932000000104e+00 9.147544879999999523e+01
1.161034179999999916e+00 9.165486565000000496e+01
1.161602376999999908e+00 9.184794429999999466e+01
1.162178898000000071e+00 9.198865216999999461e+01
1.162727158000000038e+00 9.213009599000000094e+01
1.163327417999999946e+00 9.231547238999999649e+01
1.163923773000000050e+00 9.242604317999999353e+01
1.164456206000000105e+00 9.265079935999999350e+01
1.165058418999999956e+00 9.285211508999999808e+01
1.165637816999999909e+00 9.292993644000000586e+01
1.166206322000000073e+00 9.311859486999999547e+01
1.166770306000000090e+00 9.326753981000000238e+01
1.167322471000000084e+00 9.341440835000000220e+01
1.167916565000000073e+00 9.362844991999999422e+01
1.168496374000000060e+00 9.380639261999999690e+01
1.169071661000000040e+00 9.392037800999999320e+01
1.169632766999999962e+00 9.411955104000000460e+01
1.170246180999999996e+00 9.428671284000000696e+01
1.170803690000000064e+00 9.437960160999999459e+01
1.171365207000000019e+00 9.458587464000000011e+01
1.171949230000000064e+00 9.478866340000000434e+01
1.172538391000000013e+00 9.489883193999999378e+01
1.173090556000000007e+00 9.506210835000000259e+01
1.173671085000000058e+00 9.523750721999999769e+01
1.174249764000000029e+00 9.537968700000000410e+01
1.174815186000000011e+00 9.558247688999999525e+01
1.175376085999999987e+00 9.571561620999999320e+01
1.175951270999999965e+00 9.585752970000000062e+01
1.176556976999999948e+00 9.603031620999999518e+01
1.177113561999999947e+00 9.620611621000000468e+01
1.177700462000000003e+00 9.629458474999999851e+01
1.178266910999999917e+00 9.646228137999999319e+01
1.178837472000000108e+00 9.661946453000000190e+01
1.179405771000000103e+00 9.675990385000000060e+01
1.179985169999999917e+00 9.690811171999999374e+01
1.180571658999999940e+00 9.705484543000000031e+01
1.181147871000000071e+00 9.719367800999999929e+01
1.181708463000000098e+00 9.733009823999999810e+01
1.182314786000000062e+00 9.749002633000000628e+01
1.182871267999999976e+00 9.757950047999999299e+01
1.183423947000000087e+00 9.775436340000000257e+01
1.184026674000000057e+00 9.787986789999999360e+01
1.184604015999999982e+00 9.798869711000000393e+01
1.185164300000000059e+00 9.813241734000000349e+01
1.185732907000000003e+00 9.827339261999999565e+01
1.186349713000000028e+00 9.837237688999999818e+01
1.186889545999999962e+00 9.851777126999999723e+01
1.187479323999999892e+00 9.864012857000000167e+01
1.188063448999999938e+00 9.874815329000000474e+01
1.188625583000000097e+00 9.883648924999999963e+01
1.189172917000000052e+00 9.893580722000000094e+01
1.189787359999999961e+00 9.904075217000000464e+01
1.190345897000000042e+00 9.911529149000000416e+01
1.190914092999999951e+00 9.917757464000000311e+01
1.191453308999999905e+00 9.927267464000000530e+01
1.192089846000000009e+00 9.937942744999999434e+01
