1.000000000000000000e+00 0.000000000000000000e+00
1.000618567999999931e+00 6.230400199999999722e-02
1.001206937999999935e+00 1.112571480000000002e-01
1.001850839999999909e+00 1.630555569999999899e-01
1.002437999999999940e+00 2.125923379999999918e-01
1.003090840000000039e+00 3.258922280000000060e-01
1.003697703999999913e+00 3.854968790000000145e-01
1.004299320999999967e+00 5.322103919999999766e-01
1.004940074000000072e+00 6.722119949999999511e-01
1.005576457000000090e+00 7.254695100000000396e-01
1.006175099000000017e+00 8.810106359999999581e-01
1.006799457000000064e+00 1.078428200999999920e+00
1.007399480999999986e+00 1.151967367999999992e+00
1.008035432000000009e+00 1.350187441999999960e+00
1.008633740999999917e+00 1.546875446999999903e+00
1.009263889000000081e+00 1.679654516999999903e+00
1.009871358000000052e+00 1.910412777999999978e+00
1.010495444000000020e+00 2.151165900000000075e+00
1.011121790000000020e+00 2.296785116000000126e+00
1.011749851999999894e+00 2.522582423999999879e+00
1.012370395000000034e+00 2.747941909000000127e+00
1.012950272000000096e+00 2.973301517999999977e+00
1.013605147999999900e+00 3.225800415999999782e+00
1.014208592999999992e+00 3.472827833999999836e+00
1.014827654000000079e+00 3.716207392999999914e+00
1.015456592999999907e+00 4.002703599000000168e+00
1.016061419999999993e+00 4.312983402999999605e+00
1.016686210000000035e+00 4.559645949000000087e+00
1.017299259000000067e+00 4.857450232999999784e+00
1.017930567999999925e+00 5.143071039999999705e+00
1.018541358000000008e+00 5.432704333000000219e+00
1.019146456999999950e+00 5.749404210999999876e+00
1.019784333000000043e+00 6.084634688000000402e+00
1.020388271999999930e+00 6.347055741000000140e+00
1.021005506000000063e+00 6.660180709999999671e+00
1.021629431999999893e+00 7.015911677000000068e+00
1.022244122999999894e+00 7.308244357000000413e+00
1.022860925999999893e+00 7.668061004000000125e+00
1.023447752999999905e+00 7.991253782000000250e+00
1.024105062000000066e+00 8.336333340999999564e+00
1.024700111000000025e+00 8.647269694000000229e+00
1.025340198000000091e+00 9.045825629999999506e+00
1.025944962999999932e+00 9.359534198000000416e+00
1.026560383000000076e+00 9.740289032999999819e+00
1.027181716000000078e+00 1.012206517000000083e+01
1.027804246999999949e+00 1.047582635999999923e+01
1.028429653999999971e+00 1.085818622000000033e+01
1.029038888999999957e+00 1.124784153999999958e+01
1.029659778000000081e+00 1.159087826000000021e+01
1.030279493999999962e+00 1.198527606000000034e+01
1.030870246999999962e+00 1.236770813000000047e+01
1.031491074000000063e+00 1.274218916000000057e+01
1.032142531000000085e+00 1.314344374999999943e+01
1.032751543000000050e+00 1.353032746999999958e+01
1.033358852000000105e+00 1.387460409000000006e+01
1.033996678999999919e+00 1.432255145999999968e+01
1.034600777999999943e+00 1.473088315999999942e+01
1.035233135999999998e+00 1.509974607000000013e+01
1.035814840000000014e+00 1.550100188000000045e+01
1.036465579999999997e+00 1.591947434999999977e+01
1.037052295999999929e+00 1.624762734000000108e+01
1.037689679000000087e+00 1.669221853000000166e+01
1.038309727999999987e+00 1.712236418999999898e+01
1.038932431999999961e+00 1.750129563999999860e+01
1.039533950999999901e+00 1.787635928999999990e+01
1.040169394999999941e+00 1.834728707000000014e+01
1.040799382999999967e+00 1.868295536999999840e+01
1.041398629999999992e+00 1.907611327000000045e+01
1.042028394999999996e+00 1.952756125000000154e+01
1.042661814999999992e+00 1.991364202999999833e+01
1.043243888999999980e+00 2.034254778000000030e+01
1.043861407000000074e+00 2.075832012000000049e+01
1.044517279999999992e+00 2.115235317000000137e+01
1.045122818999999925e+00 2.155689173000000025e+01
1.045710531999999970e+00 2.199017446999999947e+01
1.046328710000000051e+00 2.237720383999999996e+01
1.046972494999999892e+00 2.282434705000000008e+01
1.047571301000000066e+00 2.323501411999999888e+01
1.048197921999999949e+00 2.363568610000000092e+01
1.048838947999999993e+00 2.405320996000000022e+01
1.049426273999999992e+00 2.453026626999999849e+01
1.050028999000000018e+00 2.488767508000000106e+01
1.050652308999999951e+00 2.535495536999999899e+01
1.051298853999999894e+00 2.579035316999999949e+01
1.051894294000000007e+00 2.614958694999999977e+01
1.052524170000000092e+00 2.657323934000000065e+01
1.053142956000000074e+00 2.703030542999999852e+01
1.053764719999999988e+00 2.746548414000000093e+01
1.054357621000000078e+00 2.787892354999999966e+01
1.054992906999999924e+00 2.836210837000000140e+01
1.055627917000000027e+00 2.872761510000000129e+01
1.056211712000000080e+00 2.915666651000000087e+01
1.056834636000000049e+00 2.958980359999999976e+01
1.057469038000000028e+00 3.001330911000000157e+01
1.058067899999999950e+00 3.046169465999999915e+01
1.058717866999999924e+00 3.092846332999999959e+01
1.059316120999999944e+00 3.136845843000000045e+01
1.059930269000000091e+00 3.179167263000000077e+01
1.060518588999999956e+00 3.225012550999999661e+01
1.061178434999999975e+00 3.266976565000000221e+01
1.061810299000000013e+00 3.311814998999999915e+01
1.062399446999999997e+00 3.357434092999999820e+01
1.063036719999999935e+00 3.400419405000000239e+01
1.063674930999999990e+00 3.448314753999999738e+01
1.064256351999999906e+00 3.494320506999999765e+01
1.064869563000000019e+00 3.538407532000000089e+01
1.065511748000000036e+00 3.584923933999999690e+01
1.066138644000000024e+00 3.630491864999999763e+01
1.066693078999999988e+00 3.672412184000000224e+01
1.067348122000000066e+00 3.720993211999999772e+01
1.067983298999999997e+00 3.773601412000000010e+01
1.068569300000000055e+00 3.810444007000000255e+01
1.069194320999999892e+00 3.863679625000000328e+01
1.069814264999999986e+00 3.908299208999999763e+01
1.070453525000000017e+00 3.951671180000000305e+01
1.071028158000000063e+00 3.996480481999999768e+01
1.071684416000000084e+00 4.044083908999999721e+01
1.072294646000000018e+00 4.088995415000000122e+01
1.072905924999999927e+00 4.127384520999999751e+01
1.073530338000000084e+00 4.173528952000000203e+01
1.074145314999999989e+00 4.217273016000000041e+01
1.074776020999999915e+00 4.262220873999999782e+01
1.075348887999999947e+00 4.303550249999999977e+01
1.076001669000000049e+00 4.340801290000000279e+01
1.076619790999999937e+00 4.385836662999999902e+01
1.077238906000000052e+00 4.426626137000000227e+01
1.077870440000000096e+00 4.464139845999999778e+01
1.078464443999999967e+00 4.507898596999999796e+01
1.079096859999999936e+00 4.544361754999999903e+01
1.079672377000000072e+00 4.583290764000000195e+01
1.080314452000000092e+00 4.618054044000000147e+01
1.080933788000000062e+00 4.661156125000000117e+01
1.081575144000000099e+00 4.694927238999999730e+01
1.082178917000000018e+00 4.733265426999999903e+01
1.082793067000000109e+00 4.773434704999999667e+01
1.083407988000000044e+00 4.805666406000000279e+01
1.084045426000000090e+00 4.847747189999999762e+01
1.084661120000000034e+00 4.885669466000000227e+01
1.085254627999999943e+00 4.918747435000000223e+01
1.085876722999999933e+00 4.956582196000000096e+01
1.086503511000000088e+00 4.997313284999999894e+01
1.087127979999999994e+00 5.026225525000000260e+01
1.087707524999999897e+00 5.061732991000000226e+01
1.088377028000000024e+00 5.100202391999999918e+01
1.088972357999999918e+00 5.133462856999999957e+01
1.089579883999999943e+00 5.171450739000000141e+01
1.090226703999999991e+00 5.209030054000000121e+01
1.090820984999999910e+00 5.237789173000000176e+01
1.091455112000000005e+00 5.275018304000000313e+01
1.092052704000000096e+00 5.308045354000000060e+01
1.092672260000000062e+00 5.340335438999999695e+01
1.093298330999999957e+00 5.369043394999999919e+01
1.093908837000000078e+00 5.408439356000000231e+01
1.094560293000000017e+00 5.435994680999999673e+01
1.095149331000000004e+00 5.467883541999999863e+01
1.095741016999999928e+00 5.503865181999999834e+01
1.096398269000000036e+00 5.534068732000000068e+01
1.096984490999999950e+00 5.564578768999999880e+01
1.097620052999999984e+00 5.597167997999999756e+01
1.098260859000000034e+00 5.626824424000000135e+01
1.098868163999999981e+00 5.660573628000000213e+01
1.099458800999999930e+00 5.695293088999999753e+01
1.100095854000000095e+00 5.719499698999999993e+01
1.100704098000000020e+00 5.752388071000000025e+01
1.101307760000000080e+00 5.782642783000000009e+01
1.101970200000000011e+00 5.809913530000000037e+01
1.102613709000000108e+00 5.843071791999999931e+01
1.103186631000000029e+00 5.872698965000000015e+01
1.103754254000000046e+00 5.896197984999999875e+01
1.104433030999999898e+00 5.933594924999999876e+01
1.105071573000000029e+00 5.964673994999999707e+01
1.105651173000000043e+00 5.982533481000000108e+01
1.106235242999999979e+00 6.021010224999999849e+01
1.106890893999999959e+00 6.051709979999999689e+01
1.107507580999999908e+00 6.073385010999999878e+01
1.108124655999999986e+00 6.105594803000000326e+01
1.108752600999999949e+00 6.135258573000000126e+01
1.109375084000000067e+00 6.158918058999999801e+01
1.109958159999999916e+00 6.191339478999999812e+01
1.110588534999999988e+00 6.220791621000000049e+01
1.111209748000000053e+00 6.244100922999999881e+01
1.111829801000000062e+00 6.273655146000000116e+01
1.112435120000000000e+00 6.302757103999999799e+01
1.113080671999999938e+00 6.327693333999999936e+01
1.113674014000000101e+00 6.356532623999999743e+01
1.114294012000000000e+00 6.387480359999999990e+01
1.114916825999999972e+00 6.410505084000000409e+01
1.115539638000000000e+00 6.436834704999999701e+01
1.116145342999999901e+00 6.465841804000000081e+01
1.116760595999999994e+00 6.490493456999999466e+01
1.117395772000000065e+00 6.519252575000000149e+01
1.117971343000000006e+00 6.546224178999999310e+01
1.118607952999999933e+00 6.571364692999999590e+01
1.119225469000000084e+00 6.598431155000000103e+01
1.119858436999999984e+00 6.625526870999999574e+01
1.120446148999999947e+00 6.652374484999999993e+01
1.121107263999999937e+00 6.681979748000000541e+01
1.121727483999999997e+00 6.708688804999999888e+01
1.122332580999999996e+00 6.732041804000000695e+01
1.122953408999999958e+00 6.763989050000000702e+01
1.123586927999999929e+00 6.791675709000000438e+01
1.124172820000000073e+00 6.815196516999999687e+01
1.124783601999999938e+00 6.844721608000000401e+01
1.125419385000000050e+00 6.872700066000000163e+01
1.126027297999999899e+00 6.891077545000000271e+01
1.126670972999999965e+00 6.916684888999999714e+01
1.127267019000000037e+00 6.944612306000000501e+01
1.127891930000000098e+00 6.962369710999999484e+01
1.128496696000000021e+00 6.985044252000000142e+01
1.129096163999999902e+00 7.006558818000000599e+01
1.129742212000000023e+00 7.029838866999999425e+01
1.130340356000000046e+00 7.052841804000000536e+01
1.130964936000000032e+00 7.073634092999999723e+01
1.131581568000000093e+00 7.094455634999999916e+01
1.132182580999999910e+00 7.123637764999999433e+01
1.132821399000000007e+00 7.144225892000000044e+01
1.133424731000000074e+00 7.168541926999999703e+01
1.134067246999999945e+00 7.192339968000000283e+01
1.134677919000000035e+00 7.217750372000000425e+01
1.135296206000000030e+00 7.237098229999999432e+01
1.135942143999999931e+00 7.261859307000000285e+01
1.136542605999999900e+00 7.288619405000000029e+01
1.137159183000000073e+00 7.310141314999999906e+01
1.137751200000000074e+00 7.332137398000000417e+01
1.138369377999999932e+00 7.351652941999999769e+01
1.138999807000000031e+00 7.378289049999999349e+01
1.139630072000000105e+00 7.401051105999999891e+01
1.140225014000000092e+00 7.427037887000000183e+01
1.140862451999999916e+00 7.448669221999999479e+01
1.141465673999999986e+00 7.474852941999999700e+01
1.142084679000000103e+00 7.497009491000000025e+01
1.142698054000000019e+00 7.516736663000000362e+01
1.143309498999999896e+00 7.543825035000000412e+01
1.143961232000000106e+00 7.570227606000000264e+01
1.144573062999999946e+00 7.590582195999999726e+01
1.145165301000000024e+00 7.618312550999999644e+01
1.145817254000000007e+00 7.646845476000000019e+01
1.146404635999999977e+00 7.670650861999999393e+01
1.147019943000000097e+00 7.694799086999999815e+01
1.147631056999999899e+00 7.726520139999999515e+01
1.148275780000000079e+00 7.746480848999999580e+01
1.148870336999999964e+00 7.776939722999999560e+01
1.149483602000000104e+00 7.805706064000000310e+01
1.150120379000000082e+00 7.828205574000000411e+01
1.150754119999999991e+00 7.857548291000000518e+01
1.151325826999999968e+00 7.878377054999999984e+01
1.151945274000000019e+00 7.901146454999999946e+01
1.152586963000000075e+00 7.934290151999999807e+01
1.153187699999999927e+00 7.962757349000000318e+01
1.153819563999999964e+00 7.987795782000000600e+01
1.154439674000000027e+00 8.009113284999999394e+01
1.155021426000000018e+00 8.029978646000000708e+01
1.155648379000000059e+00 8.053222220000000675e+01
1.156301159999999939e+00 8.079705083999999715e+01
1.156898696000000060e+00 8.106136908000000574e+01
1.157493638999999908e+00 8.129424301000000241e+01
1.158134167999999908e+00 8.156001901999999859e+01
1.158757754000000029e+00 8.180383664999999382e+01
1.159372289000000000e+00 8.197586601999999800e+01
1.160007795999999924e+00 8.230883420000000683e+01
1.160608974999999932e+00 8.250282317999999293e+01
1.161191886999999978e+00 8.264866161999999861e+01
1.161814203000000045e+00 8.295091621000000259e+01
1.162501532999999920e+00 8.320655146000000002e+01
1.163094158000000045e+00 8.333801780000000292e+01
1.163660292000000096e+00 8.358205451999999980e+01
1.164310257999999987e+00 8.383900310999999306e+01
1.164915576999999924e+00 8.400322588000000223e+01
1.165526413999999900e+00 8.423653799000000220e+01
1.166167109000000091e+00 8.451938622000000123e+01
1.166795883000000034e+00 8.467098842000000047e+01
1.167403407999999976e+00 8.491750494000000060e+01
1.168005581000000070e+00 8.515139967999999726e+01
1.168656707000000017e+00 8.532525280000000123e+01
1.169279465000000018e+00 8.557578157000000374e+01
1.169866569999999939e+00 8.577020874000000106e+01
1.170501250000000049e+00 8.592421731000000307e+01
1.171099834999999922e+00 8.616285501000000124e+01
1.171710009999999968e+00 8.633991742999999985e+01
1.172329788000000095e+00 8.651588682999999946e+01
1.172941398000000079e+00 8.679114753999999721e+01
1.173570226999999910e+00 8.700228094999999939e+01
1.174185588999999919e+00 8.711404840000000149e+01
1.174793667000000097e+00 8.735618793000000437e+01
1.175415872999999944e+00 8.756309000999999625e+01
1.176026379999999927e+00 8.775722464999999772e+01
1.176657416000000067e+00 8.794245843000000207e+01
1.177266928999999962e+00 8.816475341000000299e+01
1.177913860000000090e+00 8.828987213999999994e+01
1.178498869000000004e+00 8.848874974000000293e+01
1.179123283000000022e+00 8.871097129000000336e+01
1.179716458999999995e+00 8.889766529000000617e+01
1.180354340000000057e+00 8.911164325999999392e+01
1.180964735000000099e+00 8.934685133000000690e+01
1.181584181000000067e+00 8.945927605999999344e+01
1.182210913999999891e+00 8.967442171000000428e+01
1.182845040999999986e+00 8.991809367999999836e+01
1.183445722999999949e+00 9.004737031000000513e+01
1.184056891000000000e+00 9.024289172999999664e+01
1.184699519000000034e+00 9.047357716000000494e+01
1.185286513999999958e+00 9.059315121000000204e+01
1.185910596000000039e+00 9.077510225000000332e+01
1.186545053999999988e+00 9.099630299000000377e+01
1.187166930000000065e+00 9.111295905000000062e+01
1.187762643999999979e+00 9.129162612000000365e+01
1.188383747000000046e+00 9.145752697999999725e+01
1.189019309999999940e+00 9.160321976000000177e+01
1.189633127000000012e+00 9.173016223000000480e+01
1.190236016999999924e+00 9.194078523999999675e+01
1.190864957000000057e+00 9.204883175000000506e+01
1.191504380999999890e+00 9.220393579000000273e+01
1.192087845999999951e+00 9.237640213000000244e+01
1.192709167999999931e+00 9.245504839999999547e+01
1.193307864000000107e+00 9.258023934000000565e+01
1.193930842999999964e+00 9.271075709000000131e+01
1.194559562000000019e+00 9.279976320999999473e+01
1.195185079000000039e+00 9.297142660999999464e+01
1.195796467999999946e+00 9.303132379000000185e+01
1.196407967999999933e+00 9.310821853000000203e+01
1.197044964999999905e+00 9.319146087999999395e+01
1.197648295999999890e+00 9.326602146999999832e+01
1.198263327999999905e+00 9.330629319000000521e+01
