1.000000000000000000e+00 0.000000000000000000e+00
1.000569349000000052e+00 2.661023200000000102e-02
1.001171279000000025e+00 1.331653959999999914e-01
1.001771291000000064e+00 1.359063610000000033e-01
1.002330302000000062e+00 1.569204449999999917e-01
1.002905313999999937e+00 2.823197550000000056e-01
1.003537244000000106e+00 3.968693999999999833e-01
1.004095825999999914e+00 3.790531140000000243e-01
1.004654512000000111e+00 4.756722549999999883e-01
1.005251930000000016e+00 6.339631919999999532e-01
1.005832918999999936e+00 6.003863189999999461e-01
1.006406837000000110e+00 7.382342020000000060e-01
1.006996452999999958e+00 8.982382260000000285e-01
1.007622151000000077e+00 9.595674079999999551e-01
1.008162232999999963e+00 1.131563172999999978e+00
1.008735267000000047e+00 1.283915367000000085e+00
1.009354359999999895e+00 1.302302606000000029e+00
1.009917570000000042e+00 1.464590784000000090e+00
1.010455837000000079e+00 1.680327898000000042e+00
1.011084743999999924e+00 1.776946981999999897e+00
1.011658465000000007e+00 1.947572389000000070e+00
1.012239185999999957e+00 2.121623931999999879e+00
1.012819243999999896e+00 2.232633128999999883e+00
1.013421023000000032e+00 2.453052557999999994e+00
1.013968849000000061e+00 2.613970357999999994e+00
1.014580349000000048e+00 2.780598448000000111e+00
1.015172825999999917e+00 2.982402242000000037e+00
1.015751791000000015e+00 3.257184191999999978e+00
1.016306372000000069e+00 3.447453208999999852e+00
1.016897756000000097e+00 3.706703066000000213e+00
1.017484883999999923e+00 3.980914217000000033e+00
1.018067744000000108e+00 4.109968058999999840e+00
1.018636314000000098e+00 4.399368710000000071e+00
1.019224267000000017e+00 4.767800593999999670e+00
1.019811964999999931e+00 4.919467388000000163e+00
1.020396999999999998e+00 5.265628913999999661e+00
1.020969884000000105e+00 5.526135141000000139e+00
1.021563349000000009e+00 5.779446312000000141e+00
1.022117721000000090e+00 6.118070185999999744e+00
1.022702197999999951e+00 6.486616266999999603e+00
1.023314685999999973e+00 6.744724143000000005e+00
1.023886628000000076e+00 7.065988369000000269e+00
1.024460139999999964e+00 7.457490189999999686e+00
1.025046372000000039e+00 7.778868615000000375e+00
1.025627000000000066e+00 8.134966142999999761e+00
1.026207987999999904e+00 8.570894290000000026e+00
1.026790070000000110e+00 8.936813623000000817e+00
1.027395174000000022e+00 9.262760547999999261e+00
1.027956628000000094e+00 9.720045468000000355e+00
1.028533976999999933e+00 1.009795656000000008e+01
1.029127442000000059e+00 1.051732464000000000e+01
1.029728337000000105e+00 1.095416656000000089e+01
1.030287546999999915e+00 1.131220545999999949e+01
1.030855953000000103e+00 1.177485826999999929e+01
1.031458779000000048e+00 1.223145781000000021e+01
1.032020477000000103e+00 1.259440780000000082e+01
1.032598767000000084e+00 1.305831678000000018e+01
1.033194779000000008e+00 1.366201500000000024e+01
1.033784140000000074e+00 1.400509298999999963e+01
1.034359360000000061e+00 1.442560323999999916e+01
1.034939826000000007e+00 1.488757047000000000e+01
1.035526849000000027e+00 1.531618955999999976e+01
1.036091929999999994e+00 1.585227730999999984e+01
1.036715755999999988e+00 1.631253158000000170e+01
1.037283744000000008e+00 1.677975250000000074e+01
1.037863278999999972e+00 1.725679523000000160e+01
1.038422069999999975e+00 1.776513072999999920e+01
1.039018814000000068e+00 1.822390023000000170e+01
1.039638314000000063e+00 1.872698185000000137e+01
1.040189988000000065e+00 1.929733249999999956e+01
1.040764384000000042e+00 1.970847831000000028e+01
1.041340686000000071e+00 2.026717728999999935e+01
1.041925162999999932e+00 2.080337962999999846e+01
1.042518057999999970e+00 2.124741679999999988e+01
1.043105906999999943e+00 2.177471129999999988e+01
1.043669640000000065e+00 2.232210544000000141e+01
1.044247721000000073e+00 2.278761224000000141e+01
1.044830372000000063e+00 2.335510792999999907e+01
1.045416453000000079e+00 2.390170306999999994e+01
1.046014755999999934e+00 2.438616943999999975e+01
1.046593453000000062e+00 2.491037906000000035e+01
1.047188162999999950e+00 2.545206329000000167e+01
1.047770093000000013e+00 2.596907803999999942e+01
1.048330964999999892e+00 2.653383183000000045e+01
1.048899639999999911e+00 2.704216676000000064e+01
1.049482500000000096e+00 2.750207861999999892e+01
1.050068105000000029e+00 2.813238709999999898e+01
1.050660895000000039e+00 2.866470556000000158e+01
1.051242360000000042e+00 2.921267067999999867e+01
1.051836755999999928e+00 2.982230854999999892e+01
1.052380732999999902e+00 3.037427060999999995e+01
1.052994057999999900e+00 3.081088490000000135e+01
1.053566208999999976e+00 3.145432617000000164e+01
1.054153069999999914e+00 3.201725394000000335e+01
1.054723255999999942e+00 3.253780960000000277e+01
1.055318581000000089e+00 3.306887111000000345e+01
1.055885744000000015e+00 3.365783642000000242e+01
1.056469128000000035e+00 3.418410390999999748e+01
1.057062069999999965e+00 3.479431084000000141e+01
1.057633547000000007e+00 3.539892283999999734e+01
1.058219744000000073e+00 3.591902248000000242e+01
1.058797871999999973e+00 3.645579579999999709e+01
1.059369964999999914e+00 3.703493931999999944e+01
1.059971964999999905e+00 3.758256147000000169e+01
1.060557733000000002e+00 3.815656606999999667e+01
1.061119429999999975e+00 3.873411157000000316e+01
1.061736546999999975e+00 3.928013380000000154e+01
1.062294301999999968e+00 3.984580154999999735e+01
1.062885488000000045e+00 4.048307688999999954e+01
1.063451348999999935e+00 4.097222614999999735e+01
1.064049384000000043e+00 4.157135626000000173e+01
1.064628708999999951e+00 4.212982913999999823e+01
1.065163953000000108e+00 4.266363255000000265e+01
1.065784813999999914e+00 4.328491824000000321e+01
1.066386698000000077e+00 4.390437791000000090e+01
1.066937650999999931e+00 4.437285462999999908e+01
1.067516499999999979e+00 4.497404068000000166e+01
1.068118394999999943e+00 4.559566934000000060e+01
1.068694859999999913e+00 4.611359806000000106e+01
1.069274441999999992e+00 4.665516732999999761e+01
1.069870301999999995e+00 4.725189850999999663e+01
1.070436104999999971e+00 4.775486650999999938e+01
1.071013766999999950e+00 4.837432617000000334e+01
1.071596627999999995e+00 4.892663120999999649e+01
1.072220093000000096e+00 4.943576515000000171e+01
1.072778000000000009e+00 5.000268984000000216e+01
1.073329930000000099e+00 5.058183335999999741e+01
1.073946266999999954e+00 5.108411541000000256e+01
1.074528976999999941e+00 5.167148272000000020e+01
1.075102790999999947e+00 5.225885002999999784e+01
1.075659708999999964e+00 5.276273007999999720e+01
1.076266429999999996e+00 5.325964520000000135e+01
1.076814522999999912e+00 5.385854728999999708e+01
1.077403767000000068e+00 5.434883853000000187e+01
1.078004565999999942e+00 5.485546048999999869e+01
1.078580826000000048e+00 5.544259787000000017e+01
1.079179799999999911e+00 5.589999775999999798e+01
1.079747637999999954e+00 5.646372260999999781e+01
1.080344221999999910e+00 5.701625758000000133e+01
1.080898907999999992e+00 5.751385674000000137e+01
1.081505369000000050e+00 5.806604872999999856e+01
1.082071022999999910e+00 5.863890942999999822e+01
1.082662669000000077e+00 5.910110525000000337e+01
1.083246570000000020e+00 5.951704892000000058e+01
1.083834471999999938e+00 6.015192532999999742e+01
1.084419100000000080e+00 6.056501212999999950e+01
1.084980907999999911e+00 6.112885193999999700e+01
1.085556023999999953e+00 6.157859901999999863e+01
1.086139352000000002e+00 6.207094622000000328e+01
1.086694091999999889e+00 6.260406367000000216e+01
1.087300758999999895e+00 6.316196556999999956e+01
1.087902748999999947e+00 6.358259020999999933e+01
1.088477345000000041e+00 6.408932522000000631e+01
1.089057450999999954e+00 6.461890368000000251e+01
1.089642234999999904e+00 6.505757391999999584e+01
1.090242873000000001e+00 6.551314587000000245e+01
1.090807021000000043e+00 6.607070287000000519e+01
1.091372570999999958e+00 6.644210544000000596e+01
1.091950234000000020e+00 6.692280288999999982e+01
1.092535226000000081e+00 6.753141182000000242e+01
1.093137683999999998e+00 6.784879254999999887e+01
1.093702037999999988e+00 6.840178353999999672e+01
1.094304600000000072e+00 6.886443538999999703e+01
1.094866045000000065e+00 6.933017212000000029e+01
1.095448852999999945e+00 6.971984639000000072e+01
1.096041435000000064e+00 7.020979465000000630e+01
1.096620501000000081e+00 7.061226064000000235e+01
1.097187402999999950e+00 7.109078718000000663e+01
1.097778061999999943e+00 7.158130644000000586e+01
1.098357491000000019e+00 7.195956089000000588e+01
1.098959897000000074e+00 7.244619625999999357e+01
1.099540678000000105e+00 7.287116082000000006e+01
1.100093701000000035e+00 7.322417480000000012e+01
1.100698447000000080e+00 7.368808359999999880e+01
1.101271741999999998e+00 7.421058025000000669e+01
1.101844830000000108e+00 7.453378583999999307e+01
1.102440115000000054e+00 7.500728843000000268e+01
1.103011540000000013e+00 7.541592226000000210e+01
1.103605264000000030e+00 7.582718112999999960e+01
1.104168059999999896e+00 7.625385864999999797e+01
1.104774415999999926e+00 7.670657565000000488e+01
1.105350467000000059e+00 7.707637828999999385e+01
1.105931508999999924e+00 7.751710257000000581e+01
1.106523050000000064e+00 7.795794180999999412e+01
1.107096242999999980e+00 7.827018361999999740e+01
1.107674996999999939e+00 7.874368619999999908e+01
1.108244291000000104e+00 7.912947658999999589e+01
1.108857611999999992e+00 7.950738805999999670e+01
1.109404137999999929e+00 7.994651432999999940e+01
1.109982736000000081e+00 8.037867375000000436e+01
1.110599697000000052e+00 8.071341411999999593e+01
1.111172524000000106e+00 8.110845722999999907e+01
1.111748627999999961e+00 8.155352141999999560e+01
1.112342871999999927e+00 8.183012997000000155e+01
1.112915649000000062e+00 8.224264578000000370e+01
1.113482706999999960e+00 8.271158044000000586e+01
1.114077420000000096e+00 8.296420738000000483e+01
1.114667298000000084e+00 8.340139075000000446e+01
1.115223233000000036e+00 8.376536851999999556e+01
1.115801102000000045e+00 8.411175862999999708e+01
1.116399193999999984e+00 8.455922175000000607e+01
1.117008357000000007e+00 8.497379349999999931e+01
1.117554415000000079e+00 8.521522672999999770e+01
1.118141486000000073e+00 8.561266684999999654e+01
1.118722320000000048e+00 8.602564060000000268e+01
1.119288701999999969e+00 8.633468448000000706e+01
1.119877696999999950e+00 8.669603530999999919e+01
1.120489147000000019e+00 8.707931372000000181e+01
1.121051320000000073e+00 8.737419588000000203e+01
1.121634076000000091e+00 8.771042121000000691e+01
1.122206593000000030e+00 8.809929646999999875e+01
1.122796262999999906e+00 8.840285846000000447e+01
1.123392377999999914e+00 8.876226830999999606e+01
1.123938904999999933e+00 8.913515391999999338e+01
1.124531745000000083e+00 8.947526313000000187e+01
1.125127237000000058e+00 8.979515775000000133e+01
1.125668617000000093e+00 9.013012614000000156e+01
1.126294622000000079e+00 9.043414606000000333e+01
1.126877482999999902e+00 9.079035605999999348e+01
1.127457224000000036e+00 9.114805293999999947e+01
1.128028078000000045e+00 9.143688222000000110e+01
1.128617747999999921e+00 9.177733440999999459e+01
1.129193955000000082e+00 9.207233153999999331e+01
1.129763456999999915e+00 9.239747812000000238e+01
1.130337064999999974e+00 9.274695119999999804e+01
1.130925799999999981e+00 9.297193873999999880e+01
1.131506217000000092e+00 9.330177012999999420e+01
1.132088141999999964e+00 9.356535893999999587e+01
1.132700787000000098e+00 9.393253464000000008e+01
1.133273564000000011e+00 9.416403300999999715e+01
1.133848522999999942e+00 9.451361914000000297e+01
1.134426914000000064e+00 9.481101519000000621e+01
1.135020273999999940e+00 9.504525354999999820e+01
1.135561083000000027e+00 9.527583796000000405e+01
1.136176276000000041e+00 9.557437407999999834e+01
1.136759604999999951e+00 9.576155936000000679e+01
1.137328273999999917e+00 9.611822922000000347e+01
1.137921479000000069e+00 9.636457335000000057e+01
1.138503092000000105e+00 9.663284505000000024e+01
1.139092607000000035e+00 9.695879254999999830e+01
1.139634505999999936e+00 9.724271091999999328e+01
1.140235716000000066e+00 9.743092321999999683e+01
1.140818316999999915e+00 9.780049784999999929e+01
1.141413913000000058e+00 9.812861435000000654e+01
1.141983882999999977e+00 9.833555821000000208e+01
1.142571264999999947e+00 9.866927157000000648e+01
1.143150070999999990e+00 9.898094238000000189e+01
1.143732256999999919e+00 9.922454460999999526e+01
1.144318547999999991e+00 9.951086191000000269e+01
1.144910765000000108e+00 9.983155553000000282e+01
1.145457863000000076e+00 1.000251367000000045e+02
1.146068480999999917e+00 1.003293845999999974e+02
1.146660127000000085e+00 1.006281486999999970e+02
1.147220064000000095e+00 1.007863265999999953e+02
1.147807655000000038e+00 1.011089611999999960e+02
1.148389163999999907e+00 1.013619292000000058e+02
1.148973739999999966e+00 1.015743549000000030e+02
1.149540382999999943e+00 1.019440426000000031e+02
1.150142787999999916e+00 1.022263630000000063e+02
1.150723570000000029e+00 1.024788748999999939e+02
1.151302531000000018e+00 1.027510304999999988e+02
1.151870629999999895e+00 1.030735501999999997e+02
1.152460092000000103e+00 1.032322989999999976e+02
1.153019041999999938e+00 1.034753302000000019e+02
1.153618433000000110e+00 1.038051616000000053e+02
1.154205294999999909e+00 1.040142744000000050e+02
1.154784985000000042e+00 1.042783211999999935e+02
1.155362908000000077e+00 1.046018698000000029e+02
1.155959127999999891e+00 1.047499957999999936e+02
1.156533048000000008e+00 1.050452209999999980e+02
1.157093713000000079e+00 1.053805322999999987e+02
1.157659835000000026e+00 1.056136287000000067e+02
1.158269049999999911e+00 1.058855563000000046e+02
1.158834549000000047e+00 1.060769664999999975e+02
1.159437057999999965e+00 1.062884782999999942e+02
1.160014150000000077e+00 1.066265316000000070e+02
1.160607822000000011e+00 1.068616839000000027e+02
1.161187667000000090e+00 1.070135788999999988e+02
1.161780405000000016e+00 1.073199958000000009e+02
1.162329946999999919e+00 1.076148780000000045e+02
1.162914989999999982e+00 1.077845906000000014e+02
1.163506686999999928e+00 1.081306376999999941e+02
1.164110807999999997e+00 1.083466025000000030e+02
1.164648133999999891e+00 1.084732589000000047e+02
1.165265562000000088e+00 1.088575643000000071e+02
1.165847537999999961e+00 1.090476065000000006e+02
1.166410543000000022e+00 1.092850427999999994e+02
1.167001823999999965e+00 1.095785549999999944e+02
1.167596432999999934e+00 1.098701242000000065e+02
1.168131314999999892e+00 1.100398368000000033e+02
1.168759918999999980e+00 1.103343760000000060e+02
1.169338672999999940e+00 1.105635903999999954e+02
1.169920598000000034e+00 1.107333011000000056e+02
1.170468370999999896e+00 1.109524636999999956e+02
1.171064227000000013e+00 1.111511837999999983e+02
1.171677185000000065e+00 1.113633815000000027e+02
1.172222826999999912e+00 1.115912239999999969e+02
1.172828039999999961e+00 1.119054088000000036e+02
1.173404142999999955e+00 1.120953339999999940e+02
1.173968863000000029e+00 1.123109577000000030e+02
1.174530462999999969e+00 1.125497639999999961e+02
1.175126163000000057e+00 1.126977770000000021e+02
1.175738133000000074e+00 1.129816954000000067e+02
1.176300616000000021e+00 1.132693826999999942e+02
1.176863932999999918e+00 1.133899842999999947e+02
1.177469976999999890e+00 1.136091488999999939e+02
1.178024508000000026e+00 1.139111110000000053e+02
1.178634501999999973e+00 1.140908734000000067e+02
1.179210657999999912e+00 1.138782195999999942e+02
1.179778702999999984e+00 1.141303886000000034e+02
1.180357716999999917e+00 1.142455103000000065e+02
1.180954198000000011e+00 1.144866006000000027e+02
1.181535291000000099e+00 1.147025672000000043e+02
1.182108222999999958e+00 1.148679379999999952e+02
1.182691084000000004e+00 1.151249028999999950e+02
1.183269681999999934e+00 1.153321897000000007e+02
1.183857689000000102e+00 1.154274379000000010e+02
1.184436390999999977e+00 1.157280319000000048e+02
1.185013378000000062e+00 1.159887657000000019e+02
1.185613237000000098e+00 1.161126802999999938e+02
1.186192978000000009e+00 1.163964856000000054e+02
1.186745638000000103e+00 1.165523775000000057e+02
1.187342378000000087e+00 1.167158072999999945e+02
1.187934178999999979e+00 1.170494056999999941e+02
1.188508775000000073e+00 1.171866828999999939e+02
1.189113467000000091e+00 1.173712412999999941e+02
1.189677719000000078e+00 1.175752152000000024e+02
1.190274821999999899e+00 1.178248722999999956e+02
1.190835435000000109e+00 1.179242322999999999e+02
1.191418451999999961e+00 1.175325021000000021e+02
1.192000740999999975e+00 1.175384399999999943e+02
1.192568422999999989e+00 1.178251003000000026e+02
1.193170257000000012e+00 1.179356520999999987e+02
1.193747502999999988e+00 1.181866791000000063e+02
1.194302398000000043e+00 1.182588595999999939e+02
1.194912340999999989e+00 1.184969798999999995e+02
1.195485793000000019e+00 1.186368841000000032e+02
1.196084091999999988e+00 1.186711454999999944e+02
1.196632177999999991e+00 1.188666675999999995e+02
1.197248150000000066e+00 1.190339812999999936e+02
1.197818379999999960e+00 1.192098598000000038e+02
1.198402852000000074e+00 1.194425001999999978e+02
1.198966219999999971e+00 1.196546979000000022e+02
1.199595082999999951e+00 1.197496029999999934e+02
1.200142752999999951e+00 1.199799593999999985e+02
1.200708616000000006e+00 1.201485280999999929e+02
1.201323029000000098e+00 1.203891622999999953e+02
1.201901887000000002e+00 1.205082809999999967e+02
1.202451844000000047e+00 1.207278996999999947e+02
1.203041202000000087e+00 1.207936842999999953e+02
1.203618917000000010e+00 1.209166849000000070e+02
1.204231666000000089e+00 1.211855276000000003e+02
1.204797217000000087e+00 1.213519272000000058e+02
1.205371605000000068e+00 1.214936574999999976e+02
1.205954621999999921e+00 1.216940924000000024e+02
1.206521941000000098e+00 1.217799748000000051e+02
1.207106205000000099e+00 1.220082751999999999e+02
1.207711988000000014e+00 1.222792888000000033e+02
1.208288350999999983e+00 1.223711109999999991e+02
1.208871159999999945e+00 1.224452306000000021e+02
1.209435983999999964e+00 1.227168151999999992e+02
1.210023574000000046e+00 1.228513523999999961e+02
1.210614596999999959e+00 1.230384226999999981e+02
1.211162057999999986e+00 1.232365717999999930e+02
1.211775534999999904e+00 1.233249681000000066e+02
1.212316551000000020e+00 1.234950216999999952e+02
1.212901959000000085e+00 1.237428507999999994e+02
1.213489550000000028e+00 1.238731611999999984e+02
1.214084627000000083e+00 1.240957516999999939e+02
1.214651009000000004e+00 1.242626075000000014e+02
1.215264383000000059e+00 1.244066234999999949e+02
1.215850518999999963e+00 1.246708983000000046e+02
1.216431663000000052e+00 1.248657345000000021e+02
1.216985154999999930e+00 1.249706914000000069e+02
1.217590522999999925e+00 1.252080126999999976e+02
1.218163456000000089e+00 1.253882310999999987e+02
1.218737114999999926e+00 1.255071216999999990e+02
1.219327513999999946e+00 1.256760333999999943e+02
1.219909386000000096e+00 1.258663035999999948e+02
1.220485333999999922e+00 1.259951290000000057e+02
1.221077084000000035e+00 1.262453550999999976e+02
1.221646481000000062e+00 1.264672596999999996e+02
1.222245612000000037e+00 1.266348014000000006e+02
1.222802742000000054e+00 1.268254126000000070e+02
1.223387942000000006e+00 1.269742245999999994e+02
1.223961706000000094e+00 1.271437073000000026e+02
1.224546801000000018e+00 1.272516341000000040e+02
1.225138966000000051e+00 1.275060869999999937e+02
1.225725414000000013e+00 1.276591240000000056e+02
1.226307183000000078e+00 1.278935922999999946e+02
1.226899141000000082e+00 1.280530252000000075e+02
1.227449720999999938e+00 1.281368516000000000e+02
1.228052283000000022e+00 1.283841116000000113e+02
1.228630933000000036e+00 1.285515383000000043e+02
1.229207399999999950e+00 1.286701989000000026e+02
1.229806009999999894e+00 1.289138030999999955e+02
1.230358671000000070e+00 1.289430404999999951e+02
1.230964350999999901e+00 1.291061272999999971e+02
1.231523976000000076e+00 1.292490013999999974e+02
1.232131630999999894e+00 1.294550294000000008e+02
1.232689072999999969e+00 1.295557613000000003e+02
1.233274897000000037e+00 1.298255179999999882e+02
1.233858536999999922e+00 1.300726611000000048e+02
1.234449247999999999e+00 1.301664261999999894e+02
1.235007833000000055e+00 1.303549815000000081e+02
