1.000000000000000000e+00 0.000000000000000000e+00
1.000513889999999906e+00 2.095341400000000007e-02
1.001047637000000101e+00 5.636639999999999706e-02
1.001647351999999991e+00 9.238547399999999521e-02
1.002169153999999951e+00 2.002695379999999969e-01
1.002719396000000041e+00 2.120450030000000097e-01
1.003285462000000017e+00 2.053780070000000013e-01
1.003824900999999992e+00 2.604456279999999846e-01
1.004388462000000093e+00 2.715284279999999884e-01
1.004932275000000041e+00 4.074658050000000142e-01
1.005498922999999989e+00 4.743954819999999795e-01
1.006016110000000019e+00 5.196790820000000144e-01
1.006580846000000085e+00 5.303289509999999929e-01
1.007140428999999893e+00 6.456592679999999529e-01
1.007692779999999955e+00 6.652273239999999532e-01
1.008216747000000080e+00 7.671370570000000111e-01
1.008788757999999897e+00 8.528555349999999979e-01
1.009349559999999979e+00 9.590944940000000196e-01
1.009872593000000096e+00 1.003425667999999993e+00
1.010427165000000072e+00 1.157459122999999979e+00
1.011001132000000080e+00 1.277724810999999905e+00
1.011539637000000047e+00 1.383530882999999934e+00
1.012095933999999975e+00 1.481111360000000099e+00
1.012634779999999957e+00 1.584233235999999989e+00
1.013194845999999982e+00 1.735322865000000103e+00
1.013720581999999926e+00 1.858445758000000003e+00
1.014284581999999935e+00 1.998972195999999979e+00
1.014840033000000030e+00 2.159499505999999958e+00
1.015395000000000048e+00 2.333187623000000155e+00
1.015933603999999990e+00 2.497091748999999972e+00
1.016488022000000102e+00 2.671905520000000145e+00
1.017015868000000101e+00 2.869490936000000048e+00
1.017595680999999974e+00 3.049845962000000021e+00
1.018149473000000027e+00 3.235742532999999810e+00
1.018697505000000003e+00 3.443025362999999839e+00
1.019230658999999983e+00 3.689184572999999912e+00
1.019809340999999980e+00 3.918026960999999808e+00
1.020351044000000096e+00 4.160116733999999816e+00
1.020916857000000011e+00 4.390171353999999582e+00
1.021413362999999963e+00 4.602389396000000410e+00
1.021992197999999963e+00 4.913746600999999714e+00
1.022536407000000036e+00 5.140597559999999788e+00
1.023101043999999904e+00 5.443123125999999701e+00
1.023668923000000008e+00 5.766861941000000158e+00
1.024186352000000078e+00 6.049300058000000035e+00
1.024722802000000099e+00 6.344119639999999727e+00
1.025278252999999973e+00 6.672274200999999572e+00
1.025859889999999996e+00 7.012723648999999781e+00
1.026397758000000104e+00 7.355424403999999861e+00
1.026912526999999908e+00 7.682453457000000263e+00
1.027507033000000014e+00 8.030695467999999337e+00
1.028036066000000082e+00 8.358936751999999970e+00
1.028590780000000038e+00 8.734279721000000052e+00
1.029147462000000068e+00 9.092132713999999893e+00
1.029697065999999994e+00 9.492238757000000859e+00
1.030226625999999923e+00 9.888621819000000812e+00
1.030792396000000055e+00 1.025521986999999946e+01
1.031360384999999935e+00 1.065177609000000025e+01
1.031897406999999989e+00 1.109803160999999960e+01
1.032445988999999953e+00 1.145614433000000076e+01
1.032984297000000051e+00 1.188291845000000002e+01
1.033552669999999951e+00 1.233116539999999972e+01
1.034092790999999956e+00 1.275499572999999920e+01
1.034646428999999923e+00 1.316852246000000015e+01
1.035201099000000013e+00 1.356603102999999955e+01
1.035731253000000018e+00 1.404051302000000057e+01
1.036292307999999940e+00 1.450330615999999928e+01
1.036846187000000086e+00 1.500488954000000064e+01
1.037384636999999943e+00 1.539451912000000000e+01
1.037942351999999957e+00 1.586320012000000013e+01
1.038491912000000017e+00 1.637932882000000134e+01
1.039043241999999978e+00 1.680324514999999863e+01
1.039597955999999934e+00 1.728733869999999939e+01
1.040148746999999929e+00 1.774891917000000063e+01
1.040691076999999964e+00 1.822270912000000109e+01
1.041223495000000110e+00 1.875745346000000069e+01
1.041800802000000026e+00 1.917851243000000139e+01
1.042336418000000098e+00 1.974261033999999881e+01
1.042881450999999959e+00 2.020323787999999965e+01
1.043445010999999978e+00 2.074352405999999860e+01
1.043994813000000077e+00 2.125497814999999946e+01
1.044537000000000049e+00 2.178236339000000044e+01
1.045076297000000043e+00 2.224740697000000011e+01
1.045650956000000020e+00 2.279436078000000165e+01
1.046202330000000069e+00 2.332157315999999980e+01
1.046740296999999931e+00 2.384081923000000103e+01
1.047301153999999901e+00 2.437184043999999972e+01
1.047831989000000075e+00 2.483904990999999995e+01
1.048382922999999911e+00 2.545241277999999951e+01
1.048936813000000079e+00 2.596862864999999942e+01
1.049509164999999911e+00 2.647817686999999864e+01
1.050056856999999955e+00 2.702850662000000170e+01
1.050580132000000111e+00 2.758524398999999860e+01
1.051149526999999972e+00 2.806699877999999870e+01
1.051680670000000095e+00 2.858633202000000040e+01
1.052246098999999990e+00 2.913337153000000157e+01
1.052776439999999925e+00 2.970023962999999867e+01
1.053332933999999943e+00 3.028000866000000002e+01
1.053904297000000101e+00 3.079579018000000090e+01
1.054449439999999960e+00 3.137088460000000012e+01
1.054981264000000030e+00 3.193783841000000123e+01
1.055555923000000007e+00 3.247881748999999729e+01
1.056085340999999955e+00 3.297182736999999975e+01
1.056632489000000064e+00 3.360943486000000036e+01
1.057180868000000107e+00 3.417292556999999675e+01
1.057739366999999930e+00 3.464108652000000177e+01
1.058279640999999938e+00 3.522596450000000345e+01
1.058876997000000042e+00 3.581638285999999738e+01
1.059406462999999965e+00 3.634826984000000039e+01
1.059933424000000013e+00 3.699159204000000045e+01
1.060494182000000007e+00 3.748191888000000205e+01
1.061059509999999984e+00 3.806125356999999809e+01
1.061588876999999931e+00 3.862257984000000022e+01
1.062131557999999920e+00 3.917594126000000188e+01
1.062708921000000029e+00 3.977363154999999750e+01
1.063226301999999901e+00 4.031253335000000249e+01
1.063775369000000026e+00 4.087697553999999656e+01
1.064349637000000071e+00 4.140349499999999949e+01
1.064888633000000029e+00 4.197945374999999757e+01
1.065450226000000056e+00 4.252329017999999650e+01
1.065987602000000090e+00 4.306530790000000053e+01
1.066539125000000032e+00 4.368845577999999819e+01
1.067065595000000089e+00 4.419921697000000194e+01
1.067641483999999918e+00 4.476746943999999928e+01
1.068173602000000111e+00 4.531277740000000165e+01
1.068724191999999906e+00 4.587574804999999856e+01
1.069273700999999965e+00 4.639707286000000153e+01
1.069833526000000035e+00 4.698593254000000030e+01
1.070385688000000002e+00 4.749149907000000326e+01
1.070936375999999912e+00 4.801143806000000325e+01
1.071486818999999979e+00 4.855795752000000221e+01
1.072039176999999954e+00 4.905140174000000286e+01
1.072577976999999905e+00 4.962424311000000188e+01
1.073131856999999911e+00 5.017795026000000291e+01
1.073705928999999948e+00 5.069416611999999844e+01
1.074237802000000075e+00 5.122648600000000130e+01
1.074760930999999919e+00 5.173378407999999951e+01
1.075324833999999896e+00 5.226818268000000245e+01
1.075890210000000069e+00 5.272907024999999948e+01
1.076441388999999971e+00 5.329775706000000213e+01
1.077005930999999972e+00 5.375050545999999940e+01
1.077550527000000091e+00 5.421520330999999970e+01
1.078089670000000000e+00 5.477202782999999897e+01
1.078626013999999911e+00 5.517854149000000064e+01
1.079188639999999921e+00 5.564245927000000336e+01
1.079744730999999902e+00 5.609070737999999778e+01
1.080280584000000044e+00 5.650648454000000243e+01
1.080837706999999925e+00 5.690659059000000042e+01
1.081381222999999947e+00 5.737354003000000091e+01
1.081949596000000069e+00 5.786559842999999859e+01
1.082492913999999917e+00 5.824267281000000196e+01
1.083024690000000012e+00 5.866563765000000075e+01
1.083571349000000072e+00 5.912020622000000003e+01
1.084131715000000051e+00 5.951130732000000023e+01
1.084701807999999934e+00 5.999436078000000094e+01
1.085224444999999927e+00 6.037507257000000038e+01
1.085782747000000104e+00 6.079829598999999973e+01
1.086331469999999966e+00 6.130871144999999700e+01
1.086864325999999936e+00 6.169028757000000240e+01
1.087436677999999990e+00 6.210147727999999745e+01
1.087988643999999949e+00 6.253474427999999818e+01
1.088544292999999996e+00 6.297139012000000236e+01
1.089064867000000048e+00 6.334690581000000265e+01
1.089624742000000035e+00 6.379991423999999967e+01
1.090170566999999924e+00 6.413941162000000418e+01
1.090752645000000021e+00 6.457865479000000164e+01
1.091290807000000029e+00 6.501469342999999412e+01
1.091824743000000097e+00 6.541973410999999317e+01
1.092385452999999895e+00 6.580849790999999982e+01
1.092922042000000094e+00 6.627873759000000575e+01
1.093489431999999928e+00 6.657191161999999451e+01
1.094034372999999949e+00 6.695270911999999441e+01
1.094579656000000067e+00 6.741905282000000454e+01
1.095134765999999926e+00 6.776937239999999463e+01
1.095663346999999899e+00 6.817908912999999416e+01
1.096220814000000043e+00 6.861166466999999614e+01
1.096781033000000072e+00 6.898008129000000110e+01
1.097334964000000079e+00 6.934910365999999726e+01
1.097874057999999931e+00 6.971985757999999578e+01
1.098447442000000107e+00 7.009165015000000665e+01
1.098983687000000042e+00 7.046482853000000546e+01
1.099540908999999900e+00 7.088485031999999819e+01
1.100078136000000040e+00 7.123993167000000426e+01
1.100607160000000029e+00 7.162124921999999572e+01
1.101164036999999984e+00 7.200836716999999965e+01
1.101725877000000020e+00 7.236197844000000146e+01
1.102265609999999896e+00 7.273887994999999762e+01
1.102838157999999957e+00 7.311370272999999997e+01
1.103381380000000078e+00 7.348142644000000701e+01
1.103922636000000068e+00 7.386516844999999876e+01
1.104472832999999987e+00 7.424293573999999296e+01
1.105033640999999900e+00 7.456866641000000584e+01
1.105575436000000078e+00 7.498054759000000047e+01
1.106125632999999997e+00 7.533744765000000143e+01
1.106699802999999926e+00 7.567815799000000254e+01
1.107225780999999909e+00 7.602925763999999731e+01
1.107768510999999956e+00 7.641888575999999489e+01
1.108330743000000007e+00 7.679760598000000016e+01
1.108872786000000055e+00 7.714325096000000315e+01
1.109432414000000033e+00 7.753435206000000335e+01
1.109978337000000037e+00 7.788484596000000693e+01
1.110530008000000013e+00 7.820503481000000079e+01
1.111066203000000030e+00 7.860652521999999465e+01
1.111634577000000013e+00 7.891467891000000634e+01
1.112167040000000107e+00 7.930413561999999672e+01
1.112717825000000049e+00 7.969636251999999388e+01
1.113270379999999893e+00 8.004252608999999552e+01
1.113818267999999945e+00 8.036842962999999429e+01
1.114382710999999970e+00 8.076922858999999733e+01
1.114945041999999997e+00 8.106058536000000458e+01
1.115468464999999965e+00 8.141532098000000417e+01
1.116007412000000087e+00 8.180953945000000260e+01
1.116570381000000056e+00 8.213509727000000282e+01
1.117116895000000110e+00 8.246853276999999593e+01
1.117689147999999966e+00 8.285071609999999964e+01
1.118226326000000048e+00 8.320164287999999431e+01
1.118768466999999989e+00 8.356486338999999930e+01
1.119303680000000023e+00 8.390271493000000191e+01
1.119887086000000087e+00 8.423857635000000244e+01
1.120412522999999938e+00 8.456898164000000406e+01
1.120955597000000026e+00 8.497203218999999308e+01
1.121525297000000032e+00 8.522624340000000132e+01
1.122063556000000073e+00 8.559110975999999482e+01
1.122611640999999993e+00 8.590670969999999329e+01
1.123167092999999950e+00 8.622412690000000168e+01
1.123721809999999932e+00 8.657591947000000232e+01
1.124276918999999930e+00 8.692217019000000278e+01
1.124804321999999912e+00 8.724010744000000273e+01
1.125365669000000013e+00 8.757259145999999816e+01
1.125908498000000035e+00 8.792637560000000008e+01
1.126466308999999999e+00 8.822976606999999660e+01
1.127013902000000067e+00 8.851592818000000307e+01
1.127557023999999908e+00 8.885369402000000605e+01
1.128105305000000058e+00 8.915656588999999599e+01
1.128634083999999982e+00 8.951978640000000098e+01
1.129196561999999959e+00 8.986343979999999476e+01
1.129755454000000103e+00 9.019228640000000041e+01
1.130315229999999893e+00 9.052425182999999720e+01
1.130860710999999963e+00 9.088461499000000288e+01
1.131407811999999957e+00 9.112393369999999493e+01
1.131968719000000068e+00 9.148369255999999439e+01
1.132489341999999954e+00 9.180396711000000209e+01
1.133071224000000043e+00 9.214372452000000635e+01
1.133618424000000013e+00 9.242477768999999910e+01
1.134141896999999899e+00 9.281483869999999570e+01
1.134709876999999922e+00 9.311320883000000492e+01
1.135256488000000008e+00 9.342889592999999593e+01
1.135802017999999913e+00 9.376657461000000637e+01
1.136361892000000040e+00 9.407628698000000611e+01
1.136880157000000002e+00 9.437032678999999291e+01
1.137454326999999932e+00 9.469042847000000052e+01
1.138000397999999969e+00 9.496975009000000512e+01
1.138538411000000083e+00 9.527747089000000358e+01
1.139097843999999915e+00 9.557185787000000232e+01
1.139665823000000078e+00 9.601239825999999766e+01
1.140195387999999976e+00 9.625163125999999636e+01
1.140758257999999969e+00 9.657519605000000240e+01
1.141298630999999952e+00 9.688144531999999742e+01
1.141846764000000070e+00 9.718578872999999874e+01
1.142398631000000053e+00 9.745463388000000293e+01
1.142930159999999917e+00 9.778798222000000351e+01
1.143497009999999925e+00 9.807665450000000362e+01
1.144036103999999998e+00 9.843424892999999543e+01
1.144604576000000096e+00 9.871105891999999926e+01
1.145147552000000069e+00 9.904614026999999510e+01
1.145702022000000042e+00 9.933134800000000553e+01
1.146228736999999942e+00 9.961872162000000230e+01
1.146802219000000012e+00 9.995406298999999706e+01
1.147332422000000074e+00 1.002387520999999992e+02
1.147873136999999932e+00 1.005210167999999982e+02
1.148446029999999896e+00 1.008425043000000016e+02
1.148983896999999921e+00 1.011408744000000013e+02
1.149554479999999934e+00 1.014288537999999988e+02
1.150112781999999889e+00 1.017206419999999980e+02
1.150677077999999964e+00 1.020331259999999958e+02
1.151184586000000065e+00 1.022716647000000023e+02
1.151716066000000094e+00 1.026275260999999972e+02
1.152279967999999988e+00 1.028778413000000000e+02
1.152822943000000100e+00 1.031678122999999943e+02
1.153377757999999975e+00 1.034529356999999976e+02
1.153945835999999892e+00 1.038088829000000004e+02
1.154501191000000038e+00 1.040456041999999997e+02
1.155025449000000037e+00 1.043554038000000048e+02
1.155591365999999898e+00 1.046178399000000070e+02
1.156138075000000098e+00 1.049162972000000025e+02
1.156682965999999979e+00 1.051510269999999991e+02
1.157218770000000063e+00 1.054954589999999968e+02
1.157802224000000102e+00 1.057639568999999966e+02
1.158353551000000037e+00 1.060766124000000019e+02
1.158884145999999893e+00 1.063262361000000027e+02
1.159438028000000065e+00 1.066139555000000030e+02
1.159987144000000026e+00 1.069075624000000033e+02
1.160530021000000023e+00 1.072206522000000035e+02
1.161059241000000020e+00 1.074509659999999940e+02
1.161621228000000006e+00 1.076930562999999950e+02
1.162174175999999948e+00 1.080590470000000067e+02
1.162729334000000003e+00 1.082833002999999934e+02
1.163278303000000014e+00 1.085615832999999952e+02
1.163851734999999943e+00 1.088593462999999986e+02
1.164388865000000051e+00 1.090986649999999969e+02
1.164917839999999982e+00 1.093293259000000006e+02
1.165475355999999962e+00 1.096468303000000049e+02
1.166021033000000040e+00 1.099404385999999931e+02
1.166594515000000110e+00 1.101663364000000058e+02
1.167129582000000054e+00 1.104227992000000000e+02
1.167693533000000006e+00 1.106590877000000006e+02
1.168245399999999989e+00 1.109673284999999936e+02
1.168777715000000050e+00 1.112370379999999983e+02
1.169329386000000026e+00 1.113860501999999997e+02
1.169861602999999972e+00 1.116682277000000028e+02
1.170436362000000008e+00 1.119758628000000016e+02
1.170985085000000092e+00 1.122201162000000068e+02
1.171542061000000023e+00 1.124738959000000023e+02
1.172080763000000081e+00 1.126811780000000027e+02
1.172620545000000014e+00 1.129701960000000014e+02
1.173172805000000096e+00 1.132018970999999965e+02
1.173721527999999958e+00 1.134974955999999935e+02
1.174268089999999987e+00 1.137127440000000007e+02
1.174835185000000060e+00 1.138982945000000058e+02
1.175357380999999979e+00 1.142481812000000048e+02
1.175904335000000023e+00 1.144739060999999936e+02
1.176474084000000087e+00 1.147181609000000009e+02
1.177030765000000034e+00 1.149581725000000034e+02
1.177558069000000041e+00 1.151990499000000057e+02
1.178104730000000044e+00 1.154284994000000069e+02
1.178664750999999900e+00 1.156817575999999974e+02
1.179223987000000085e+00 1.158175217000000004e+02
1.179783910000000047e+00 1.160874055000000027e+02
1.180325952000000012e+00 1.162992765000000048e+02
1.180861115999999988e+00 1.163955591999999939e+02
1.181407088999999910e+00 1.166612855000000053e+02
1.181961902999999925e+00 1.169463218000000069e+02
1.182504731000000087e+00 1.171336040000000054e+02
1.183061511000000010e+00 1.173792430999999965e+02
1.183610234000000094e+00 1.176312898999999987e+02
1.184148149000000094e+00 1.176418534999999963e+02
1.184703159999999977e+00 1.180229982000000035e+02
1.185256894999999977e+00 1.183426670000000058e+02
1.185794022999999919e+00 1.185750594999999947e+02
1.186356009999999905e+00 1.187948968000000036e+02
1.186906502000000030e+00 1.191156057000000033e+02
1.187482243000000048e+00 1.192955273000000034e+02
1.187997659000000095e+00 1.194167460000000034e+02
1.188546381999999957e+00 1.197419567000000029e+02
1.189102572999999996e+00 1.199447370000000035e+02
1.189644024999999994e+00 1.202397298000000063e+02
1.190225169999999943e+00 1.204556711000000035e+02
1.190751297000000042e+00 1.206657248000000067e+02
1.191285576999999929e+00 1.209177715999999947e+02
1.191870259000000098e+00 1.211356173000000069e+02
1.192397955999999981e+00 1.212153617000000025e+02
1.192966230999999988e+00 1.214855040000000059e+02
1.193519964999999905e+00 1.217956492999999938e+02
1.194044125000000012e+00 1.218947892999999993e+02
1.194613874000000076e+00 1.219934078000000000e+02
1.195155914999999958e+00 1.223496164000000022e+02
1.195684399999999981e+00 1.225312696000000017e+02
1.196265544999999930e+00 1.227690309999999982e+02
1.196804442999999996e+00 1.230277439999999984e+02
1.197333417999999927e+00 1.232205679000000060e+02
1.197899137000000058e+00 1.234344305000000048e+02
1.198442752000000056e+00 1.237482131999999950e+02
1.198999138000000020e+00 1.238941066000000006e+02
1.199529685999999984e+00 1.241051132000000052e+02
1.200076640000000028e+00 1.243095394999999996e+02
1.200640002000000095e+00 1.245491181999999952e+02
1.201196487000000035e+00 1.247530243000000070e+02
1.201743637000000087e+00 1.250700958000000043e+02
1.202292066000000048e+00 1.252399738000000013e+02
1.202824775000000068e+00 1.254867387999999977e+02
1.203379294999999960e+00 1.257399113000000028e+02
1.203937940999999956e+00 1.259079720999999950e+02
1.204484895000000000e+00 1.261112724999999983e+02
1.205017897999999921e+00 1.263511969000000050e+02
1.205584599999999895e+00 1.265837623000000036e+02
1.206140790000000074e+00 1.268107873000000012e+02
1.206687056999999896e+00 1.270314031999999997e+02
1.207226839999999912e+00 1.272191181999999969e+02
1.207806707999999896e+00 1.274635458000000057e+02
1.208336958999999933e+00 1.277130824999999987e+02
1.208905823999999907e+00 1.278956885000000057e+02
1.209417900000000046e+00 1.281958759000000043e+02
1.210004644999999934e+00 1.284353675000000123e+02
1.210525662000000002e+00 1.286359833999999864e+02
1.211095409999999983e+00 1.288507132000000013e+02
1.211621929000000097e+00 1.291026727999999935e+02
1.212162497000000005e+00 1.292787854999999979e+02
1.212723009999999935e+00 1.295075420999999949e+02
1.213302877999999918e+00 1.297147385000000099e+02
1.213818687999999923e+00 1.299476496000000054e+02
1.214366429000000025e+00 1.301535473000000138e+02
1.214923699000000079e+00 1.303736446000000058e+02
1.215494134999999920e+00 1.305930490000000077e+02
1.216016624999999962e+00 1.307823227000000088e+02
1.216565053999999924e+00 1.310065760999999895e+02
1.217106113000000045e+00 1.311729909000000021e+02
1.217657291999999947e+00 1.313859019999999873e+02
1.218227729000000092e+00 1.316509369000000049e+02
1.218783820000000073e+00 1.318325900000000104e+02
1.219332051999999944e+00 1.320544189000000017e+02
1.219874388999999892e+00 1.322849941000000058e+02
1.220433623999999995e+00 1.324650886000000014e+02
1.220980087999999908e+00 1.326953166000000124e+02
1.221545710000000007e+00 1.329393114000000082e+02
1.222068986000000024e+00 1.330698807999999929e+02
1.222646102999999984e+00 1.333160399999999868e+02
1.223177240000000054e+00 1.335174346000000014e+02
1.223713484999999990e+00 1.337035908999999947e+02
1.224274783999999894e+00 1.338825610000000097e+02
1.224810342000000052e+00 1.341449112999999898e+02
1.225374390999999896e+00 1.342822341000000108e+02
1.225922917999999973e+00 1.345242373000000100e+02
1.226445309999999900e+00 1.347155883000000074e+02
1.227032842000000068e+00 1.348890164999999968e+02
1.227594435000000095e+00 1.351012346999999920e+02
1.228128714999999982e+00 1.353150115999999912e+02
1.228648455000000084e+00 1.355563218000000063e+02
1.229220069999999998e+00 1.357184949999999901e+02
1.229762602999999954e+00 1.358383278999999959e+02
1.230328520000000037e+00 1.360411082999999905e+02
1.230873115999999934e+00 1.362100333999999862e+02
1.231407790000000002e+00 1.364732495000000085e+02
1.231974885999999936e+00 1.366422632000000021e+02
1.232513881000000033e+00 1.368688538000000108e+02
1.233061130999999921e+00 1.370307669000000033e+02
1.233606022000000024e+00 1.372016835999999955e+02
1.234163686000000038e+00 1.373553718000000003e+02
1.234713882000000096e+00 1.375440383000000111e+02
1.235269876000000044e+00 1.377695046000000048e+02
1.235826164999999977e+00 1.379579981999999916e+02
1.236349047000000034e+00 1.381343708999999933e+02
1.236895510999999948e+00 1.383174956000000009e+02
1.237439616000000076e+00 1.384465063000000100e+02
1.238011525999999973e+00 1.386812376000000029e+02
1.238578720000000022e+00 1.373326002000000017e+02
1.239133534000000036e+00 1.377988566999999875e+02
1.239656515999999931e+00 1.376956477999999890e+02
1.240197870000000036e+00 1.376950420999999949e+02
1.240750229000000093e+00 1.378027527000000134e+02
1.241287849000000110e+00 1.380498633999999925e+02
1.241853177000000086e+00 1.381775754999999890e+02
1.242399835999999924e+00 1.383280592000000127e+02
1.242961135000000050e+00 1.385486765999999932e+02
1.243493646999999980e+00 1.387075580000000059e+02
1.244051900000000099e+00 1.388316341999999963e+02
1.244603472999999960e+00 1.390822951000000103e+02
1.245137064999999987e+00 1.392108729999999923e+02
1.245673113999999915e+00 1.393554690999999934e+02
1.246238637000000038e+00 1.395598081999999920e+02
1.246815951999999950e+00 1.397005068999999935e+02
1.247350723000000050e+00 1.396824113000000125e+02
1.247902982000000049e+00 1.394931377000000055e+02
1.248453966000000026e+00 1.394555607000000066e+02
1.249012612000000022e+00 1.394745220000000074e+02
1.249535199999999957e+00 1.395177280000000053e+02
1.250090801000000029e+00 1.396717620000000011e+02
1.250644142000000070e+00 1.396436214000000007e+02
1.251203376999999950e+00 1.397629343000000119e+02
1.251765559999999944e+00 1.399279648000000122e+02
1.252307406999999984e+00 1.400677976999999998e+02
1.252845519000000074e+00 1.400919552000000010e+02
1.253409371000000050e+00 1.402051204999999925e+02
1.253960256000000051e+00 1.403601931000000036e+02
1.254484219999999928e+00 1.404713682999999946e+02
1.255041786000000048e+00 1.405719784000000061e+02
1.255575180999999985e+00 1.407989163000000019e+02
1.256149645999999898e+00 1.409284456000000034e+02
1.256689820999999929e+00 1.410878486000000009e+02
1.257226557999999939e+00 1.412317518000000121e+02
1.257775281000000023e+00 1.414496833000000038e+02
1.258335007999999977e+00 1.415799926999999911e+02
1.258899647000000011e+00 1.417630331000000012e+02
1.259436481999999913e+00 1.419274564000000112e+02
1.259975870999999970e+00 1.420543883999999935e+02
1.260541099999999970e+00 1.421868622000000073e+02
1.261081276000000084e+00 1.423963974000000121e+02
1.261639331999999891e+00 1.425480054999999879e+02
1.262166244000000104e+00 1.427453310999999871e+02
1.262753677000000074e+00 1.429546062999999947e+02
1.263311242999999973e+00 1.431031840999999929e+02
1.263827739999999977e+00 1.432738421999999900e+02
1.264391494999999921e+00 1.434458860999999956e+02
1.264945621999999936e+00 1.435847660999999960e+02
1.265484029000000010e+00 1.437880665000000135e+02
1.266012708999999958e+00 1.439647850000000062e+02
1.266575481000000059e+00 1.440908526000000052e+02
1.267159082000000048e+00 1.442647995000000094e+02
1.267694148999999992e+00 1.444521686999999872e+02
1.268252107999999989e+00 1.444369290999999862e+02
1.268833941000000021e+00 1.372991777000000013e+02
1.269334619999999969e+00 1.386541355999999894e+02
1.269865755999999957e+00 1.387844450000000052e+02
1.270454466999999976e+00 1.383528224000000080e+02
1.270993561999999910e+00 1.385017474999999934e+02
1.271521063000000007e+00 1.389091268999999897e+02
1.272074895000000039e+00 1.391612608000000080e+02
1.272610746000000015e+00 1.393590193999999940e+02
1.273162122000000007e+00 1.394962549999999908e+02
1.273716544000000006e+00 1.397450115999999980e+02
1.274299556000000111e+00 1.399406056999999919e+02
1.274823028999999996e+00 1.400652876000000049e+02
1.275362713000000037e+00 1.402523954000000117e+02
1.275909469999999990e+00 1.404348285000000089e+02
1.276505253000000062e+00 1.406224578000000065e+02
1.277015956000000063e+00 1.408441138000000024e+02
1.277557110000000051e+00 1.410424782000000050e+02
1.278117724999999982e+00 1.412023997000000008e+02
1.278663010999999905e+00 1.414405055000000004e+02
1.279260856999999918e+00 1.416419871999999884e+02
1.279780791000000084e+00 1.418468463000000099e+02
1.280315856999999946e+00 1.420129153999999971e+02
1.280879021999999923e+00 1.421791574000000082e+02
1.281445428999999914e+00 1.423589061000000129e+02
1.281982461999999989e+00 1.425553659999999923e+02
1.282527253000000034e+00 1.427881041999999923e+02
1.283062032999999991e+00 1.429088901000000078e+02
1.283602989000000028e+00 1.430856086000000005e+02
1.284182362999999993e+00 1.433381740000000093e+02
1.284702495000000111e+00 1.434793942000000015e+02
1.285263505000000084e+00 1.436169754999999952e+02
1.285822440000000011e+00 1.438438261999999952e+02
1.286360066000000080e+00 1.439708454000000017e+02
1.286904263999999909e+00 1.441249664999999993e+02
1.287465472999999916e+00 1.443198677999999973e+02
1.288027945000000063e+00 1.444782305999999892e+02
1.288576769000000066e+00 1.446386707999999999e+02
1.289110264000000061e+00 1.447959078000000090e+02
1.289625977999999895e+00 1.449077758999999901e+02
1.290215472999999946e+00 1.450560908999999867e+02
1.290782176000000003e+00 1.452231159000000105e+02
1.291295429000000050e+00 1.453840687999999943e+02
1.291873725000000084e+00 1.455313524000000029e+02
1.292428439999999901e+00 1.456289409999999975e+02
1.292958198000000003e+00 1.457724911999999904e+02
1.293502407000000076e+00 1.458977817999999900e+02
1.294070582000000025e+00 1.460014279000000101e+02
1.294591988999999943e+00 1.461079211999999927e+02
1.295136977999999939e+00 1.462117417000000046e+02
1.295708791000000026e+00 1.463735661999999991e+02
1.296278835000000074e+00 1.463862042000000088e+02
1.296804274999999951e+00 1.465029241000000013e+02
1.297347790999999972e+00 1.465963436000000115e+02
1.297908110000000059e+00 1.466394581000000130e+02
1.298451033000000088e+00 1.466410995999999898e+02
