1.000000000000000000e+00 0.000000000000000000e+00
1.000565922999999913e+00 5.145772199999999741e-02
1.001113418000000088e+00 1.915769999999999973e-02
1.001659341000000092e+00 4.570387100000000008e-02
1.002213363000000079e+00 4.446156099999999667e-02
1.002758846000000093e+00 6.577695199999999964e-02
1.003322110000000045e+00 9.814235300000000162e-02
1.003864351999999904e+00 8.578465200000000290e-02
1.004439054999999970e+00 8.571927299999999861e-02
1.004965286000000013e+00 1.246885249999999945e-01
1.005513614999999916e+00 1.384846849999999963e-01
1.006080515999999925e+00 1.312923749999999889e-01
1.006631296999999980e+00 1.834039369999999891e-01
1.007137922999999935e+00 1.976577870000000015e-01
1.007718373999999972e+00 1.603885359999999982e-01
1.008262186999999921e+00 2.076616380000000095e-01
1.008789735999999992e+00 2.777539809999999831e-01
1.009369208999999934e+00 2.619309009999999938e-01
1.009933505000000009e+00 3.152193819999999924e-01
1.010476385000000032e+00 3.273155429999999866e-01
1.011036559999999973e+00 3.737386449999999805e-01
1.011587581999999985e+00 4.129694369999999948e-01
1.012121669999999973e+00 4.210117469999999917e-01
1.012674669999999999e+00 4.672386889999999848e-01
1.013234055000000078e+00 5.251694919999999600e-01
1.013772461999999930e+00 5.723772040000000283e-01
1.014327417999999925e+00 5.872195249999999644e-01
1.014865922999999892e+00 7.138695800000000036e-01
1.015419955999999901e+00 7.355119009999999680e-01
1.015962779999999954e+00 8.245657950000000458e-01
1.016523242000000105e+00 9.123119889999999899e-01
1.017100757999999994e+00 9.404273899999999742e-01
1.017640440000000090e+00 1.006792780999999914e+00
1.018161604000000109e+00 1.136254386999999921e+00
1.018737988999999899e+00 1.230146774000000054e+00
1.019271626000000097e+00 1.305666081000000034e+00
1.019809790999999910e+00 1.415119897999999932e+00
1.020363912000000095e+00 1.541377685999999914e+00
1.020935088000000102e+00 1.664496927000000071e+00
1.021495548999999947e+00 1.821289380000000069e+00
1.022031549000000039e+00 1.960166300000000028e+00
1.022592407000000092e+00 2.092504825999999873e+00
1.023129680999999902e+00 2.222554956999999831e+00
1.023666956000000017e+00 2.382289600000000007e+00
1.024218977999999947e+00 2.612901271000000136e+00
1.024777966999999901e+00 2.801993636000000176e+00
1.025342999999999893e+00 3.011486066999999878e+00
1.025879933999999993e+00 3.178413119000000009e+00
1.026425120999999940e+00 3.361424747000000046e+00
1.027002186999999900e+00 3.632378673999999918e+00
1.027508021999999910e+00 3.824609585999999783e+00
1.028076691999999959e+00 4.100205900999999820e+00
1.028632978000000087e+00 4.343632952000000103e+00
1.029179779999999989e+00 4.598044535999999738e+00
1.029722121000000046e+00 4.902671674999999674e+00
1.030281747000000081e+00 5.173625602000000434e+00
1.030830812999999901e+00 5.485183521999999812e+00
1.031371526999999899e+00 5.795368253000000358e+00
1.031933669999999914e+00 6.088945260000000026e+00
1.032475022000000076e+00 6.421557040999999799e+00
1.033024385000000045e+00 6.766134158999999926e+00
1.033561956000000004e+00 7.096849603999999978e+00
1.034122374000000066e+00 7.465553640999999629e+00
1.034672757999999915e+00 7.822946137999999827e+00
1.035212736000000078e+00 8.196684838999999556e+00
1.035783912000000084e+00 8.565846532000000124e+00
1.036307341000000104e+00 8.957042891000000395e+00
1.036882834999999892e+00 9.387012285000000844e+00
1.037427429000000068e+00 9.723808687000000006e+00
1.037977724999999962e+00 1.018647037999999938e+01
1.038534110000000066e+00 1.058727829999999948e+01
1.039048592999999965e+00 1.098553586999999965e+01
1.039610581999999894e+00 1.145604377000000085e+01
1.040172614999999912e+00 1.184482174000000043e+01
1.040722077000000079e+00 1.229237877999999995e+01
1.041270845999999972e+00 1.274242156999999942e+01
1.041840494999999978e+00 1.321391015999999929e+01
1.042372714000000089e+00 1.367284500000000058e+01
1.042933867999999986e+00 1.415276820999999963e+01
1.043470209000000093e+00 1.460614578999999935e+01
1.044024681000000010e+00 1.510921512000000000e+01
1.044553999999999983e+00 1.560633447000000018e+01
1.045133373999999948e+00 1.607435771999999830e+01
1.045684110000000056e+00 1.653787022999999934e+01
1.046228812999999924e+00 1.704891564000000059e+01
1.046784362999999995e+00 1.757022762000000071e+01
1.047319274999999994e+00 1.808617870000000138e+01
1.047875120999999909e+00 1.859846698000000131e+01
1.048417021999999976e+00 1.910735574999999997e+01
1.048977582000000019e+00 1.961591762000000116e+01
1.049534219999999962e+00 2.012735574999999955e+01
1.050085933999999943e+00 2.065775614000000004e+01
1.050620220000000105e+00 2.117540642999999889e+01
1.051169186999999949e+00 2.175425680000000028e+01
1.051719032999999914e+00 2.222489523999999861e+01
1.052285340999999930e+00 2.276020019999999988e+01
1.052813736000000056e+00 2.333689281999999920e+01
1.053370066000000049e+00 2.384172717999999946e+01
1.053939614999999996e+00 2.441364688000000172e+01
1.054473109999999991e+00 2.491338142000000033e+01
1.055022187000000056e+00 2.548405825000000036e+01
1.055582691999999989e+00 2.600399790999999894e+01
1.056109900999999907e+00 2.658167123999999859e+01
1.056654296999999909e+00 2.714927545000000109e+01
1.057195110000000104e+00 2.772544481999999988e+01
1.057760537999999917e+00 2.825525614000000019e+01
1.058326461999999912e+00 2.878330242999999911e+01
1.058876109999999926e+00 2.936535706000000090e+01
1.059402385000000058e+00 2.992197618999999875e+01
1.059953021999999967e+00 3.046205297999999928e+01
1.060510692000000033e+00 3.101206944000000121e+01
1.061071834999999908e+00 3.163446521999999916e+01
1.061628813000000005e+00 3.212628838999999914e+01
1.062173516000000095e+00 3.272697729000000066e+01
1.062704944999999901e+00 3.325940488999999900e+01
1.063277878999999926e+00 3.381805123000000179e+01
1.063794286000000033e+00 3.440906264000000192e+01
1.064369241999999938e+00 3.496771007000000253e+01
1.064927340999999972e+00 3.546502467999999908e+01
1.065476461999999902e+00 3.602157909000000302e+01
1.066007989000000045e+00 3.656335619000000037e+01
1.066549340999999984e+00 3.704419536999999707e+01
1.067124592999999955e+00 3.761873024999999870e+01
1.067662703000000102e+00 3.812899132999999807e+01
1.068237263999999964e+00 3.864912626000000273e+01
1.068790120999999926e+00 3.917383885000000276e+01
1.069340363000000016e+00 3.969103059999999772e+01
1.069857845999999890e+00 4.011080024000000321e+01
1.070414132000000018e+00 4.065048541000000171e+01
1.070974593000000086e+00 4.112655056999999914e+01
1.071543407000000059e+00 4.164341652000000238e+01
1.072054451000000075e+00 4.207299418000000202e+01
1.072612219999999894e+00 4.255991278999999849e+01
1.073165308000000095e+00 4.303140247999999701e+01
1.073734473000000023e+00 4.348334083000000305e+01
1.074257352000000054e+00 4.396130265000000037e+01
1.074829462000000069e+00 4.441134543999999806e+01
1.075340264000000046e+00 4.481182591000000315e+01
1.075918264000000013e+00 4.529410321999999667e+01
1.076472780000000018e+00 4.569379935999999987e+01
1.077023669999999989e+00 4.614711111999999815e+01
1.077552440000000056e+00 4.654831121000000138e+01
1.078117329999999985e+00 4.701045031000000307e+01
1.078691889999999987e+00 4.740609313000000213e+01
1.079212362999999897e+00 4.783037352000000197e+01
1.079767032999999987e+00 4.823595490999999669e+01
1.080318362999999948e+00 4.861603499000000284e+01
1.080857603999999972e+00 4.904554684000000009e+01
1.081419297000000057e+00 4.939692464000000172e+01
1.081957604000000073e+00 4.981721643000000199e+01
1.082520670000000074e+00 5.020717145999999786e+01
1.083060746999999990e+00 5.051853280000000268e+01
1.083633395000000110e+00 5.094542945999999972e+01
1.084162518000000075e+00 5.129124889999999937e+01
1.084688201000000074e+00 5.156854486999999665e+01
1.085278090000000084e+00 5.193116772999999853e+01
1.085817676000000009e+00 5.231974934000000133e+01
1.086369936000000092e+00 5.264490621000000203e+01
1.086912863000000007e+00 5.293508391999999674e+01
1.087450975000000097e+00 5.332556110000000160e+01
1.088012962000000083e+00 5.363953762999999952e+01
1.088549943000000075e+00 5.400359971000000314e+01
1.089120821999999933e+00 5.436530770000000246e+01
1.089664141000000086e+00 5.465836166999999790e+01
1.090209229000000057e+00 5.498280001999999911e+01
1.090774310000000025e+00 5.539237001000000049e+01
1.091307510000000036e+00 5.569470874999999666e+01
1.091850436000000091e+00 5.607060497999999882e+01
1.092396947999999979e+00 5.641779672999999917e+01
1.092959180000000030e+00 5.672235904000000062e+01
1.093493363000000107e+00 5.707138163999999847e+01
1.094074951000000073e+00 5.743825525999999826e+01
1.094621167999999978e+00 5.778335509000000059e+01
1.095171512000000069e+00 5.808190160000000191e+01
1.095718318999999941e+00 5.840444438000000105e+01
1.096250879999999928e+00 5.872142880999999903e+01
1.096813848999999896e+00 5.903808632999999872e+01
1.097346704000000006e+00 5.937612493999999685e+01
1.097923184000000107e+00 5.969977896000000328e+01
1.098463702000000097e+00 6.001310278999999781e+01
1.099000586999999918e+00 6.033963305999999704e+01
1.099545331000000070e+00 6.063020348999999953e+01
1.100098326999999987e+00 6.090749945000000309e+01
1.100630790000000081e+00 6.124717255000000193e+01
1.101210706999999900e+00 6.155160321999999695e+01
1.101751619999999932e+00 6.187983489999999875e+01
1.102304764000000104e+00 6.219113043000000118e+01
1.102852602000000015e+00 6.248438076000000052e+01
1.103413262999999978e+00 6.279966596999999950e+01
1.103960757000000070e+00 6.313960014999999970e+01
1.104499015999999889e+00 6.343357009999999718e+01
1.105045971000000016e+00 6.376265082999999834e+01
1.105594694999999961e+00 6.410343516999999736e+01
1.106151276999999933e+00 6.441237768999999957e+01
1.106709431999999937e+00 6.474139370000000326e+01
1.107247249000000044e+00 6.510826622999999813e+01
1.107797249000000095e+00 6.538713196000000494e+01
1.108336492000000062e+00 6.574936320999999850e+01
1.108915032999999939e+00 6.608485136000000182e+01
1.109445481999999927e+00 6.641085947999999917e+01
1.109998185000000026e+00 6.672104487000000006e+01
1.110544009000000054e+00 6.702625987000000407e+01
1.111096121999999964e+00 6.732107886999999380e+01
1.111648774999999922e+00 6.765820261000000357e+01
1.112185020000000080e+00 6.799826842999999599e+01
1.112734577999999974e+00 6.832604157000000100e+01
1.113300248999999909e+00 6.862949154999999735e+01
1.113849070000000108e+00 6.896805342000000394e+01
1.114427563000000010e+00 6.927915367999999319e+01
1.114948578999999995e+00 6.959509160000000350e+01
1.115505407999999976e+00 6.993921181999999703e+01
1.116047792999999899e+00 7.020768044999999802e+01
1.116603197999999963e+00 7.057801942000000395e+01
1.117156636999999897e+00 7.089729212000000302e+01
1.117674657000000016e+00 7.121695864000000142e+01
1.118246714000000086e+00 7.153518483999999944e+01
1.118811009999999939e+00 7.190722411000000136e+01
1.119361451999999924e+00 7.220727456999999561e+01
1.119911697999999900e+00 7.253308522999999752e+01
1.120441114999999987e+00 7.289727786000000265e+01
1.121010274000000084e+00 7.317843188000000509e+01
1.121522496999999952e+00 7.354354048000000432e+01
1.122089592000000025e+00 7.390054025999999965e+01
1.122637529999999995e+00 7.423831778999999642e+01
1.123189691000000101e+00 7.455177105999999299e+01
1.123739840000000045e+00 7.497847136999999407e+01
1.124287578999999981e+00 7.523340665000000627e+01
1.124836745000000082e+00 7.556117978999999707e+01
1.125404822999999999e+00 7.592942573000000550e+01
1.125921860000000052e+00 7.620724495000000331e+01
1.126514795999999929e+00 7.654162187000000017e+01
1.127047257999999941e+00 7.689398036000000047e+01
1.127579917999999903e+00 7.722266838000000178e+01
1.128108351999999925e+00 7.759346478999999874e+01
1.128674023000000082e+00 7.799080791999999462e+01
1.129240186000000090e+00 7.835271117000000629e+01
1.129786992000000101e+00 7.879091981000000544e+01
1.130346572999999966e+00 7.917832328000000075e+01
1.130889350999999987e+00 7.951780112000000145e+01
1.131443478000000002e+00 7.988467364999999631e+01
1.131990578999999997e+00 8.026102840999999444e+01
1.132522698999999911e+00 8.059730089999999336e+01
1.133072502000000092e+00 8.102275942999999359e+01
1.133646082000000055e+00 8.139983270999999831e+01
1.134204385000000093e+00 8.179383995000000596e+01
1.134723829999999989e+00 8.210624780000000555e+01
1.135302567000000096e+00 8.250725262999999643e+01
1.135855908999999997e+00 8.279389808999999900e+01
1.136363366999999958e+00 8.315057206999999551e+01
1.136929037000000031e+00 8.354706394999999475e+01
1.137505859000000008e+00 8.387313788999999531e+01
1.138034245000000055e+00 8.420346039999999732e+01
1.138575697999999914e+00 8.459910322000000349e+01
1.139154731000000087e+00 8.494224165999999343e+01
1.139680658999999929e+00 8.526864249999999856e+01
1.140220049000000069e+00 8.555443780000000231e+01
1.140769802999999971e+00 8.585475044000000366e+01
1.141331692000000064e+00 8.617395842000000528e+01
1.141873880999999979e+00 8.658496544000000483e+01
1.142404674000000009e+00 8.690927324999999826e+01
1.142987047000000089e+00 8.721102401999999643e+01
1.143525158999999958e+00 8.740076953000000515e+01
1.144059342000000035e+00 8.783021664999999700e+01
1.144637735999999961e+00 8.822821247999999628e+01
1.145176143000000035e+00 8.858684784999999806e+01
1.145748937000000023e+00 8.850106241999999668e+01
1.146287147000000006e+00 8.911979761000000622e+01
1.146846186999999961e+00 8.951374013000000218e+01
1.147382235000000028e+00 8.986315543999999989e+01
1.147940685000000016e+00 8.973624451000000590e+01
1.148491324000000091e+00 9.036419865999999956e+01
1.149014208000000092e+00 9.072695206000000212e+01
1.149570790000000065e+00 9.115097136999999350e+01
1.150121675000000065e+00 9.149685662000000264e+01
1.150666321000000103e+00 9.114914161999999465e+01
1.151208755000000084e+00 9.178330682000000706e+01
1.151778798999999909e+00 9.225799967000000379e+01
1.152338525000000002e+00 9.260983380999999781e+01
1.152893831000000091e+00 9.239739962999999534e+01
1.153425801999999889e+00 9.314147706999999343e+01
1.153949815000000045e+00 9.340589239000000532e+01
1.154498194999999949e+00 9.376845052999999552e+01
1.155062588999999917e+00 9.416468132999999341e+01
1.155609887000000002e+00 9.445047773000000291e+01
1.156165880000000090e+00 9.448663503999999591e+01
1.156718434999999934e+00 9.491157031000000188e+01
1.157273495999999957e+00 9.533996983000000114e+01
1.157793971000000033e+00 9.573881690999999705e+01
1.158351635000000046e+00 9.612184016999999869e+01
1.158910035999999977e+00 9.588266289999999969e+01
1.159492015999999959e+00 9.652912077999999951e+01
1.160021385000000071e+00 9.704559401000000207e+01
1.160571137999999891e+00 9.734701678000000413e+01
1.161115145999999987e+00 9.769623683999999741e+01
1.161648935000000105e+00 9.807644854999999495e+01
1.162222072999999911e+00 9.817740182000000004e+01
1.162777525999999950e+00 9.859632129999999961e+01
1.163301589000000025e+00 9.897555232000000558e+01
1.163837637000000091e+00 9.925121380000000215e+01
1.164420207999999901e+00 9.965208809000000656e+01
1.164968832000000010e+00 1.000186336999999952e+02
1.165500262999999981e+00 1.003495453000000026e+02
1.166059892000000042e+00 1.004623337999999961e+02
1.166596873999999895e+00 1.008909308000000067e+02
1.167154193000000006e+00 1.012460350000000062e+02
1.167709598000000071e+00 1.016287314000000066e+02
1.168263478999999938e+00 1.020207113999999962e+02
1.168794958999999967e+00 1.020311731999999978e+02
1.169362889999999933e+00 1.024442085000000020e+02
1.169915001999999982e+00 1.028352737000000019e+02
1.170465837000000064e+00 1.032398744000000050e+02
1.171004589000000040e+00 1.036111281999999960e+02
1.171555130000000000e+00 1.035508430000000004e+02
1.172103066000000027e+00 1.038910393999999968e+02
1.172658125999999967e+00 1.044164058000000068e+02
1.173195648000000091e+00 1.048293752999999953e+02
1.173745403000000076e+00 1.051294905000000028e+02
1.174313579999999968e+00 1.050444245999999993e+02
1.174855670999999990e+00 1.056999062000000009e+02
1.175400366000000085e+00 1.059634714000000031e+02
1.175953902999999912e+00 1.063100751000000059e+02
1.176501790999999963e+00 1.066250993000000022e+02
1.177031060000000018e+00 1.064924984000000023e+02
1.177603216000000064e+00 1.069598677999999978e+02
1.178159651999999946e+00 1.075410064999999946e+02
1.178688873000000026e+00 1.077808375000000041e+02
1.179235433999999971e+00 1.080800377999999995e+02
1.179803954000000044e+00 1.079225916000000041e+02
1.180334157000000106e+00 1.085758495999999980e+02
1.180868486999999911e+00 1.089282081000000062e+02
1.181428163999999947e+00 1.092236809000000051e+02
1.181989463000000073e+00 1.095079733000000033e+02
1.182544178999999973e+00 1.097706840000000028e+02
1.183099877999999938e+00 1.098734702999999939e+02
1.183654151999999904e+00 1.101830688000000009e+02
1.184158172000000064e+00 1.105285602000000011e+02
1.184736712999999941e+00 1.108622811999999982e+02
1.185298748999999985e+00 1.106866009999999960e+02
1.185828313000000023e+00 1.111658682999999996e+02
1.186386960000000101e+00 1.116148589999999956e+02
1.186955774999999935e+00 1.119377967000000069e+02
1.187511964999999892e+00 1.121943018000000052e+02
1.188035535999999892e+00 1.123873798999999991e+02
1.188573647999999983e+00 1.125036369999999977e+02
1.189151845999999901e+00 1.128246110999999985e+02
1.189710491999999897e+00 1.131452560999999974e+02
1.190251699000000052e+00 1.132763553000000059e+02
1.190792660000000058e+00 1.136066098000000011e+02
1.191332344000000099e+00 1.138920090999999957e+02
1.191870554000000082e+00 1.140427221000000060e+02
1.192438289000000040e+00 1.143137401000000040e+02
1.192984261000000101e+00 1.144441262999999935e+02
1.193520652999999987e+00 1.146425026999999943e+02
1.194090204999999960e+00 1.144277155999999991e+02
1.194642170999999919e+00 1.151270683000000048e+02
1.195192170999999970e+00 1.154266515000000055e+02
1.195701102999999987e+00 1.156318950000000001e+02
1.196265152999999914e+00 1.158339354000000014e+02
