1.000000000000000000e+00 0.000000000000000000e+00
1.000593897999999982e+00 3.326988999999999815e-03
1.001180830000000022e+00 -2.546786499999999925e-02
1.001713567999999999e+00 -8.434619000000000838e-03
1.002289022999999890e+00 2.342959999999999943e-04
1.002872352000000022e+00 -2.816225699999999957e-02
1.003435408999999945e+00 1.180846800000000078e-02
1.003995522999999945e+00 3.242642700000000072e-02
1.004585000000000061e+00 1.251135199999999989e-02
1.005140692999999974e+00 -2.061795999999999855e-03
1.005694466000000009e+00 1.996193300000000115e-02
1.006274635999999889e+00 2.886514299999999936e-02
1.006845830000000053e+00 4.531265100000000240e-02
1.007406500000000094e+00 5.623079699999999903e-02
1.007993841000000002e+00 3.233270800000000167e-02
1.008593124999999979e+00 4.714015199999999767e-02
1.009137648000000054e+00 8.401817899999999839e-02
1.009677943000000022e+00 6.785182700000000344e-02
1.010272908999999997e+00 1.059481949999999950e-01
1.010844966000000067e+00 1.193967249999999952e-01
1.011390749999999894e+00 1.106340910000000038e-01
1.011959749999999936e+00 1.551032810000000095e-01
1.012561113999999929e+00 1.668180300000000060e-01
1.013130579999999892e+00 2.043052310000000038e-01
1.013673784000000078e+00 2.327954979999999896e-01
1.014261523000000054e+00 2.655030769999999762e-01
1.014850398000000098e+00 3.065515600000000007e-01
1.015363261000000072e+00 3.662499249999999762e-01
1.015954875000000035e+00 4.393968189999999940e-01
1.016537749999999907e+00 4.625920239999999906e-01
1.017089989000000028e+00 5.447827079999999489e-01
1.017652739000000084e+00 6.410779429999999834e-01
1.018239067999999969e+00 6.907953409999999517e-01
1.018802591000000035e+00 7.952909310000000342e-01
1.019372613999999899e+00 9.256057890000000121e-01
1.019938159000000066e+00 1.036052409000000063e+00
1.020505943000000082e+00 1.174801937000000018e+00
1.021068397999999933e+00 1.292699185999999889e+00
1.021624193000000069e+00 1.423201464999999999e+00
1.022204318000000001e+00 1.586926779999999981e+00
1.022772817999999972e+00 1.777033776999999981e+00
1.023341158999999889e+00 1.930731261000000032e+00
1.023933739000000065e+00 2.122431418000000125e+00
1.024484807000000108e+00 2.334562078999999901e+00
1.025040500000000021e+00 2.511829688999999810e+00
1.025627840999999929e+00 2.778129374000000151e+00
1.026196692999999938e+00 3.014392425000000042e+00
1.026743863999999951e+00 3.192034877000000215e+00
1.027336784000000058e+00 3.503928430999999843e+00
1.027894113999999970e+00 3.754202330000000032e+00
1.028459806999999948e+00 3.986950914999999984e+00
1.029035466000000065e+00 4.278273321000000351e+00
1.029616773000000096e+00 4.584918604000000286e+00
1.030176989000000098e+00 4.851639987000000431e+00
1.030729170000000083e+00 5.177638101000000326e+00
1.031316010999999921e+00 5.500074814000000423e+00
1.031887863999999988e+00 5.826635192000000352e+00
1.032438170000000044e+00 6.142324263999999978e+00
1.032999658999999903e+00 6.504403745000000292e+00
1.033580442999999960e+00 6.813626229999999673e+00
1.034153056999999931e+00 7.166005868000000056e+00
1.034710068000000094e+00 7.557325364999999628e+00
1.035274864000000017e+00 7.878262472000000294e+00
1.035871135999999915e+00 8.274830081999999365e+00
1.036419363999999899e+00 8.659636686000000694e+00
1.036994567999999894e+00 9.015717659999999967e+00
1.037571295000000005e+00 9.396447220000000655e+00
1.038134716000000068e+00 9.809134327000000653e+00
1.038697669999999906e+00 1.019431514000000050e+01
1.039265455000000005e+00 1.060906435999999964e+01
1.039816022999999978e+00 1.103562175000000067e+01
1.040407727000000060e+00 1.142675382000000006e+01
1.040966272999999997e+00 1.186704076999999913e+01
1.041551227000000024e+00 1.227312095999999997e+01
1.042104533999999916e+00 1.267920115000000081e+01
1.042664955000000004e+00 1.310866419999999977e+01
1.043246499999999966e+00 1.357331749999999992e+01
1.043809409000000077e+00 1.399504864000000026e+01
1.044388988999999990e+00 1.446579391999999942e+01
1.044972669999999937e+00 1.490715948000000068e+01
1.045538625000000055e+00 1.530827191000000020e+01
1.046111545000000032e+00 1.577723731000000029e+01
1.046661443000000080e+00 1.624067284999999927e+01
1.047253261000000046e+00 1.667013511000000037e+01
1.047789999999999999e+00 1.711815397999999888e+01
1.048370079999999982e+00 1.762066970000000055e+01
1.048912875000000078e+00 1.806587724999999978e+01
1.049514193000000040e+00 1.853423259999999928e+01
1.050092534000000022e+00 1.899771529999999942e+01
1.050656977000000047e+00 1.942895900999999981e+01
1.051213739000000036e+00 1.992004076999999995e+01
1.051777806999999898e+00 2.039669092999999833e+01
1.052341272999999910e+00 2.082245194000000055e+01
1.052916068000000038e+00 2.134427347999999824e+01
1.053460284000000025e+00 2.179922708999999870e+01
1.054037874999999902e+00 2.224682457999999841e+01
1.054633090999999911e+00 2.273903134000000037e+01
1.055179942999999954e+00 2.322172631000000109e+01
1.055768920000000000e+00 2.370676325999999889e+01
1.056333192999999948e+00 2.415178369999999930e+01
1.056897682000000005e+00 2.467454234999999940e+01
1.057474908999999963e+00 2.512907458000000105e+01
1.058051182999999895e+00 2.561429941999999826e+01
1.058599156000000097e+00 2.610570979999999963e+01
1.059140372999999968e+00 2.654402898000000022e+01
1.059761699999999918e+00 2.705305806999999874e+01
1.060335022999999932e+00 2.755341813000000073e+01
1.060866689999999890e+00 2.800218699999999927e+01
1.061448748999999969e+00 2.849828370000000177e+01
1.062042442000000086e+00 2.898374281999999980e+01
1.062593056999999952e+00 2.943096451999999985e+01
1.063123859000000060e+00 2.990105413999999939e+01
1.063720905999999911e+00 3.035249359999999896e+01
1.064276447999999986e+00 3.079657694000000134e+01
1.064862672999999926e+00 3.122842913999999936e+01
1.065435689999999935e+00 3.159383558000000036e+01
1.066000985999999928e+00 3.184256278999999878e+01
1.066561760999999997e+00 3.207999752999999998e+01
1.067113696999999917e+00 3.239442128000000309e+01
1.067702665000000106e+00 3.267848103000000037e+01
1.068268875000000007e+00 3.301994249999999909e+01
1.068864193000000018e+00 3.337133793999999654e+01
1.069429439000000093e+00 3.368988510999999875e+01
1.069971773000000015e+00 3.407272316000000245e+01
1.070544434999999961e+00 3.438396058000000011e+01
1.071109577999999951e+00 3.469660445000000237e+01
1.071698649000000003e+00 3.502363274999999732e+01
1.072245606000000073e+00 3.534785052000000150e+01
1.072815118000000068e+00 3.561907064999999761e+01
1.073411858999999913e+00 3.590022394999999733e+01
1.073973751000000032e+00 3.615185680999999818e+01
1.074533814999999892e+00 3.638512096000000184e+01
1.075097586000000049e+00 3.666355727999999914e+01
1.075659986000000012e+00 3.697399831999999975e+01
1.076227669999999970e+00 3.725407458000000105e+01
1.076796775999999900e+00 3.755936074000000247e+01
1.077370707999999899e+00 3.788695194000000299e+01
1.077948754999999981e+00 3.817012095999999843e+01
1.078511460000000088e+00 3.845933480000000060e+01
1.079067001999999942e+00 3.878130257000000114e+01
1.079632652999999998e+00 3.903040554999999756e+01
1.080200845000000021e+00 3.932833480000000037e+01
1.080767664999999988e+00 3.960658322999999825e+01
1.081348911000000079e+00 3.985535759999999783e+01
1.081923098000000083e+00 4.008374910999999940e+01
1.082460656999999937e+00 4.030431435999999934e+01
1.083057957000000071e+00 4.049573337999999723e+01
1.083640015999999928e+00 4.071423653000000087e+01
1.084209173000000082e+00 4.085429785000000180e+01
1.084757450999999984e+00 4.098920507999999785e+01
1.085355156999999959e+00 4.117490713000000113e+01
1.085901556000000046e+00 4.138652268999999961e+01
1.086451763999999987e+00 4.155259108999999995e+01
1.087051755999999925e+00 4.178918227999999857e+01
1.087595005000000059e+00 4.201508951999999653e+01
1.088192660000000034e+00 4.219760524000000146e+01
1.088749318999999938e+00 4.242294958000000094e+01
1.089307097999999918e+00 4.265752583999999814e+01
1.089871022000000078e+00 4.282514061999999910e+01
1.090441092999999917e+00 4.301506042999999835e+01
1.091014871999999913e+00 4.323843699999999757e+01
1.091556191000000009e+00 4.346668700000000030e+01
1.092176094999999902e+00 4.375726010999999716e+01
1.092716956999999933e+00 4.406315554999999762e+01
1.093301658999999981e+00 4.437087804000000091e+01
1.093868529999999950e+00 4.471660444999999839e+01
1.094409594000000041e+00 4.506415712999999812e+01
1.094991196999999916e+00 4.539465398000000107e+01
1.095560759000000051e+00 4.572458793999999926e+01
1.096137028000000013e+00 4.606998573999999991e+01
1.096707963000000063e+00 4.637531907999999703e+01
1.097268026000000063e+00 4.671368779000000160e+01
1.097832764000000072e+00 4.703556199999999876e+01
1.098387950000000002e+00 4.734815869999999904e+01
1.098947963000000083e+00 4.767640554999999836e+01
1.099557963000000083e+00 4.802316263000000163e+01
1.100121683000000017e+00 4.830009894999999887e+01
1.100702167999999981e+00 4.854170429999999925e+01
1.101261926999999918e+00 4.891399910999999889e+01
1.101799334000000075e+00 4.913554785000000180e+01
1.102373977000000060e+00 4.946276482999999757e+01
1.102957205000000052e+00 4.979063668999999948e+01
1.103531950000000039e+00 5.009259658999999942e+01
1.104091606999999975e+00 5.034249518000000023e+01
1.104667418000000012e+00 5.061938511000000318e+01
1.105251205000000070e+00 5.088713746999999898e+01
1.105823765000000014e+00 5.119134581000000139e+01
1.106373414999999971e+00 5.145614611999999966e+01
1.106919814000000057e+00 5.169048810000000316e+01
1.107508528000000103e+00 5.195528842000000225e+01
1.108063459999999889e+00 5.227003999000000078e+01
1.108622914999999987e+00 5.255770744000000150e+01
1.109195119000000007e+00 5.283544092999999719e+01
1.109783071999999926e+00 5.306326955000000112e+01
1.110338767000000004e+00 5.327568149999999747e+01
1.110907059000000086e+00 5.345946216000000106e+01
1.111480331000000099e+00 5.387627269000000041e+01
1.112046032999999934e+00 5.407354941999999909e+01
1.112632360000000098e+00 5.426731121000000257e+01
1.113169818000000033e+00 5.448394014000000141e+01
1.113754925000000062e+00 5.486485680999999914e+01
1.114320119000000053e+00 5.513195351000000244e+01
1.114906954999999922e+00 5.544089455000000299e+01
1.115453556999999929e+00 5.573142048999999787e+01
1.116019614999999909e+00 5.593610051999999655e+01
1.116594002999999891e+00 5.619954235000000153e+01
1.117154524000000038e+00 5.650932694000000112e+01
1.117740546999999918e+00 5.675988197000000213e+01
1.118285167000000024e+00 5.694933243999999917e+01
1.118893032999999981e+00 5.731033479999999969e+01
1.119454010000000110e+00 5.753863196999999730e+01
1.120006708000000017e+00 5.765812174999999939e+01
1.120541067000000002e+00 5.804175697000000156e+01
1.121138772999999977e+00 5.821771215999999782e+01
1.121730738999999977e+00 5.862182379000000054e+01
1.122254988999999981e+00 5.880120036000000283e+01
1.122859196999999920e+00 5.908132378999999901e+01
1.123424898999999977e+00 5.947287725000000336e+01
1.123971194999999978e+00 5.965426876000000078e+01
1.124565853000000004e+00 5.988354942000000136e+01
1.125110067999999908e+00 6.024225539999999768e+01
1.125696851999999915e+00 6.043030020999999863e+01
1.126264383000000091e+00 6.075882851000000073e+01
1.126817436000000061e+00 6.095643307000000277e+01
1.127390657000000074e+00 6.108164062000000172e+01
1.127974392999999909e+00 6.142483557999999988e+01
1.128562548999999970e+00 6.164465161999999765e+01
1.129095281999999978e+00 6.199590633999999767e+01
1.129686943000000054e+00 6.212022316000000188e+01
1.130233594999999980e+00 6.231951483000000280e+01
1.130815096999999936e+00 6.268370271999999943e+01
1.131389588000000002e+00 6.292273023999999992e+01
1.131967480999999998e+00 6.324577662000000089e+01
1.132527543999999997e+00 6.343485208999999969e+01
1.133072470000000109e+00 6.366371137000000147e+01
1.133655037999999893e+00 6.399819092999999981e+01
1.134219367999999895e+00 6.418782930000000420e+01
1.134777908000000002e+00 6.434602583999999581e+01
1.135354482000000109e+00 6.466288590000000625e+01
1.135918253000000044e+00 6.496451718999999514e+01
1.136480246999999943e+00 6.501132929999999988e+01
1.137057683999999957e+00 6.545672473999999852e+01
1.137648328000000042e+00 6.565301639999999850e+01
1.138208139000000063e+00 6.594532300999999563e+01
1.138762513000000087e+00 6.617713433000000123e+01
1.139336901000000069e+00 6.625960680999999397e+01
1.139903974999999958e+00 6.655697394999999972e+01
1.140473488000000035e+00 6.671582535999999664e+01
1.141041272999999912e+00 6.691052505000000394e+01
1.141624500999999903e+00 6.723825696999999479e+01
1.142182379999999942e+00 6.749584029999999757e+01
1.142715925999999937e+00 6.745811938999999313e+01
1.143312260000000080e+00 6.790210838000000138e+01
1.143889697999999955e+00 6.816995430000000056e+01
1.144446560000000002e+00 6.823738432999999759e+01
1.144988793000000005e+00 6.861155334999999411e+01
1.145582587999999902e+00 6.888619407999999567e+01
1.146169422999999910e+00 6.896505727999999635e+01
1.146722883000000026e+00 6.931570351000000585e+01
1.147295036000000046e+00 6.947989769000000138e+01
1.147859214999999988e+00 6.972600067999999851e+01
1.148407898999999954e+00 7.000785759999999414e+01
1.148976852000000104e+00 7.021872315999999614e+01
1.149579942999999993e+00 7.044767598999999336e+01
1.150130710000000001e+00 7.060507536000000073e+01
1.150704184999999935e+00 7.086462724999999807e+01
1.151270699999999980e+00 7.103139847999999290e+01
1.151840822000000042e+00 7.114854628000000503e+01
1.152404492000000058e+00 7.131241183999999578e+01
1.152960694999999980e+00 7.152323103000000515e+01
1.153565310000000066e+00 7.167636625000000095e+01
1.154095706999999971e+00 7.182312804000000028e+01
1.154682439999999977e+00 7.202471608999999830e+01
1.155253577000000087e+00 7.220188982999999894e+01
1.155809475000000086e+00 7.237934502000000236e+01
1.156400069000000030e+00 7.246125381999999604e+01
1.156980402000000074e+00 7.267741499000000260e+01
1.157530407000000094e+00 7.275004628000000650e+01
1.158055572000000089e+00 7.294657300999999450e+01
1.158667705000000048e+00 7.313995979999999975e+01
1.159233863999999947e+00 7.324801639999999736e+01
1.159794079999999949e+00 7.332481828999999607e+01
1.160361865000000048e+00 7.354271294000000125e+01
1.160958249999999969e+00 7.368614847999999995e+01
1.161495962000000048e+00 7.373010209000000259e+01
1.162059377999999921e+00 7.394331042999999681e+01
1.162648702000000034e+00 7.401064691000000551e+01
1.163200028000000108e+00 7.412043778999999688e+01
1.163744749999999994e+00 7.430881042999999408e+01
1.164329503000000043e+00 7.443860995999999375e+01
1.164920605000000053e+00 7.447272316000000103e+01
1.165466392999999989e+00 7.465430177999999728e+01
1.166029149000000098e+00 7.471831120999999598e+01
1.166629802000000105e+00 7.482655570999999384e+01
1.167203581000000101e+00 7.478658479999999997e+01
1.167747338000000079e+00 7.493986074000000031e+01
1.168330362999999927e+00 7.491146451999999556e+01
1.168897131999999894e+00 7.503151719000000242e+01
1.169445258000000099e+00 7.502088039999999580e+01
1.170008622999999970e+00 7.507364296999999453e+01
