1.000000000000000000e+00 0.000000000000000000e+00
1.000542186999999972e+00 6.823163399999999934e-02
1.001091592999999946e+00 4.810199600000000103e-02
1.001643121000000081e+00 4.679487899999999756e-02
1.002208253000000049e+00 7.483258800000000543e-02
1.002738944999999937e+00 5.280763200000000018e-02
1.003318614999999969e+00 8.385171099999999544e-02
1.003851669999999974e+00 9.724969299999999817e-02
1.004408989000000085e+00 8.894948499999999481e-02
1.004942824000000012e+00 1.184250220000000048e-01
1.005479516000000073e+00 1.525408440000000088e-01
1.006045582000000049e+00 1.290126859999999875e-01
1.006594548999999894e+00 1.533251099999999867e-01
1.007143461999999934e+00 2.080280589999999874e-01
1.007708253000000109e+00 1.916890679999999902e-01
1.008250735999999925e+00 2.309680040000000045e-01
1.008775087999999931e+00 2.282884099999999972e-01
1.009377406999999893e+00 2.294648139999999892e-01
1.009910021999999907e+00 2.661948679999999734e-01
1.010457472999999995e+00 2.937750880000000175e-01
1.011009878999999945e+00 3.033170609999999989e-01
1.011551670000000014e+00 2.924679709999999933e-01
1.012111450999999995e+00 3.727904610000000174e-01
1.012660614999999931e+00 3.775614469999999945e-01
1.013214000000000059e+00 4.159907569999999888e-01
1.013750252999999990e+00 4.497144299999999983e-01
1.014313757999999899e+00 4.459237939999999845e-01
1.014854230999999940e+00 4.635699010000000064e-01
1.015410912000000110e+00 5.555911070000000285e-01
1.015953879000000004e+00 5.449380809999999631e-01
1.016505011000000014e+00 5.817334979999999600e-01
1.017043275000000024e+00 6.527754390000000129e-01
1.017600153999999923e+00 6.551282459999999697e-01
1.018185230999999913e+00 7.162360859999999940e-01
1.018712043999999928e+00 7.408099230000000368e-01
1.019246856999999951e+00 7.804156469999999901e-01
1.019819604000000046e+00 8.440070069999999758e-01
1.020379329999999918e+00 8.808677740000000478e-01
1.020891999999999911e+00 9.081212060000000141e-01
1.021467538000000008e+00 9.927572369999999591e-01
1.022010813000000073e+00 1.068439364000000058e+00
1.022579526999999988e+00 1.085693420999999992e+00
1.023111308000000053e+00 1.135559978000000081e+00
1.023665680999999994e+00 1.214379276000000063e+00
1.024219857000000067e+00 1.274180043999999956e+00
1.024742043999999908e+00 1.339732018000000080e+00
1.025312824000000012e+00 1.421426974000000065e+00
1.025879087999999939e+00 1.460052412000000022e+00
1.026414109999999935e+00 1.559720285000000040e+00
1.026976286000000016e+00 1.665923684000000016e+00
1.027507967000000022e+00 1.732063925000000060e+00
1.028059494999999934e+00 1.823758333000000009e+00
1.028601483999999955e+00 1.907479386000000110e+00
1.029182132000000083e+00 2.007016446999999815e+00
1.029738526999999904e+00 2.091521710999999950e+00
1.030250890000000030e+00 2.205241118000000000e+00
1.030821132000000029e+00 2.275498794000000213e+00
1.031371473000000094e+00 2.340201206000000145e+00
1.031933956000000041e+00 2.542281908000000090e+00
1.032452362999999984e+00 2.628094298000000162e+00
1.033020889999999969e+00 2.735670175000000093e+00
1.033575263999999994e+00 2.881675438999999894e+00
1.034075198000000029e+00 2.989382126999999834e+00
1.034650209000000043e+00 3.113754495999999872e+00
1.035216614999999951e+00 3.268386732000000183e+00
1.035751088000000042e+00 3.409359538999999995e+00
1.036321285999999953e+00 3.545496052999999925e+00
1.036876297000000058e+00 3.751890132000000211e+00
1.037417352000000070e+00 3.887503838000000211e+00
1.037942691999999889e+00 4.044750329000000200e+00
1.038521680999999974e+00 4.230426644999999652e+00
1.039062780000000075e+00 4.405253838000000144e+00
1.039599769000000062e+00 4.606027303000000295e+00
1.040161461999999926e+00 4.789612281000000138e+00
1.040737548999999929e+00 5.025547367999999793e+00
1.041264109999999965e+00 5.188741227999999595e+00
1.041823396000000068e+00 5.449707565999999836e+00
1.042379439999999935e+00 5.655121381999999919e+00
1.042922758000000005e+00 5.877462389999999814e+00
1.043443582000000092e+00 6.133200329000000117e+00
1.044010131999999924e+00 6.368351095999999600e+00
1.044580714000000077e+00 6.625200000000000422e+00
1.045113823999999969e+00 6.894924123000000016e+00
1.045687988999999929e+00 7.156282674999999927e+00
1.046231109999999909e+00 7.420843640000000185e+00
1.046748054999999900e+00 7.718932236999999752e+00
1.047294713999999960e+00 8.019112170999999734e+00
1.047874484000000050e+00 8.315762939000000742e+00
1.048402472999999890e+00 8.654110746000000631e+00
1.048961164999999918e+00 8.948147259000000631e+00
1.049512395999999903e+00 9.260941008999999724e+00
1.050075319000000063e+00 9.642162389999999306e+00
1.050610626000000103e+00 9.924304057000000512e+00
1.051149670000000036e+00 1.028859824999999972e+01
1.051720747000000067e+00 1.066053903999999974e+01
1.052277329999999900e+00 1.104241404000000060e+01
1.052822472999999981e+00 1.139912675000000064e+01
1.053361175999999899e+00 1.176342061000000072e+01
1.053913088000000053e+00 1.218790854999999951e+01
1.054460484000000031e+00 1.253239978000000043e+01
1.055007878999999926e+00 1.292728025999999986e+01
1.055554977999999977e+00 1.332405658000000059e+01
1.056102966999999948e+00 1.374383727999999927e+01
1.056655176000000029e+00 1.414120241000000000e+01
1.057205176000000080e+00 1.458921667000000078e+01
1.057780570999999892e+00 1.501305110000000020e+01
1.058298592999999954e+00 1.544361579000000084e+01
1.058851790999999931e+00 1.582104670999999918e+01
1.059418197999999922e+00 1.630115196999999938e+01
1.059947516000000034e+00 1.675164978000000104e+01
1.060513285999999944e+00 1.720966513000000120e+01
1.061027670000000089e+00 1.760454560999999885e+01
1.061608176000000014e+00 1.810464977999999903e+01
1.062148504999999910e+00 1.852913661999999917e+01
1.062699725000000095e+00 1.895323091999999932e+01
1.063257297000000046e+00 1.943464320000000001e+01
1.063797912000000068e+00 1.987448859999999939e+01
1.064355374000000021e+00 2.032988990999999857e+01
1.064893636999999949e+00 2.076346118000000018e+01
1.065453022000000027e+00 2.120585592000000119e+01
1.066016384999999955e+00 2.166968706000000111e+01
1.066564121000000087e+00 2.213600174999999837e+01
1.067104692000000021e+00 2.257525942999999913e+01
1.067667418000000090e+00 2.299987674999999854e+01
1.068199142999999962e+00 2.344946118000000013e+01
1.068752286000000051e+00 2.385068048000000118e+01
1.069294769000000089e+00 2.430202917000000085e+01
1.069866922999999970e+00 2.475592609999999993e+01
1.070411275000000106e+00 2.514989210999999969e+01
1.070956956000000071e+00 2.556052367999999930e+01
1.071511966999999954e+00 2.603357082999999861e+01
1.072069087999999892e+00 2.643818925000000064e+01
1.072603559999999900e+00 2.687293706000000171e+01
1.073153615000000061e+00 2.728879670999999973e+01
1.073700515999999938e+00 2.769890635999999873e+01
1.074243296999999986e+00 2.805947434000000129e+01
1.074771142999999984e+00 2.851709715000000145e+01
1.075355231000000078e+00 2.888387455999999887e+01
1.075915109999999952e+00 2.932430876999999825e+01
1.076424824000000058e+00 2.973284934000000135e+01
1.077007790999999992e+00 3.013204341999999869e+01
1.077563593000000042e+00 3.053234824999999830e+01
1.078096396000000068e+00 3.091004123000000092e+01
1.078622570999999919e+00 3.126799517999999978e+01
1.079193494999999947e+00 3.171601052999999837e+01
1.079760494999999931e+00 3.213775284999999826e+01
1.080300714000000051e+00 3.248302807000000314e+01
1.080859417999999961e+00 3.293156644999999827e+01
1.081420516000000109e+00 3.333291731999999996e+01
1.081955385000000103e+00 3.372276601000000085e+01
1.082514132000000018e+00 3.413437784999999991e+01
1.083030581999999908e+00 3.452710153999999676e+01
1.083594143000000010e+00 3.490812675000000098e+01
1.084125669999999930e+00 3.529026272000000120e+01
1.084698504999999980e+00 3.572579560999999870e+01
1.085260791000000058e+00 3.614067500000000166e+01
1.085799592999999952e+00 3.647189868000000246e+01
1.086339374000000024e+00 3.686547325000000086e+01
1.086898758000000020e+00 3.721806863999999848e+01
1.087451363000000004e+00 3.757615306999999660e+01
1.087994780000000050e+00 3.798253684000000163e+01
1.088547527000000015e+00 3.836205876999999731e+01
1.089116592999999966e+00 3.874131974000000156e+01
1.089642911999999964e+00 3.914613442999999648e+01
1.090186625999999936e+00 3.953010153999999687e+01
1.090737604000000083e+00 3.989890525999999937e+01
1.091284418000000089e+00 4.029182521999999977e+01
1.091843901000000061e+00 4.065794911999999783e+01
1.092389473000000111e+00 4.101374736999999726e+01
1.092948559999999958e+00 4.141006535000000355e+01
1.093491933999999999e+00 4.182736359999999820e+01
1.094031374000000056e+00 4.218852039000000076e+01
1.094598659000000085e+00 4.259490416999999951e+01
1.095130681000000106e+00 4.295207411999999891e+01
1.095687904000000046e+00 4.334551711000000296e+01
1.096246991999999976e+00 4.373203245999999922e+01
1.096785203000000042e+00 4.410756753999999802e+01
1.097332353999999954e+00 4.449297214999999994e+01
1.097893162000000089e+00 4.489327697000000228e+01
1.098443899000000057e+00 4.526410701999999731e+01
1.098980437999999893e+00 4.560761798000000056e+01
1.099540557999999946e+00 4.598014759000000140e+01
1.100086628999999983e+00 4.633385373000000129e+01
1.100611280999999941e+00 4.669978136000000291e+01
1.101189085999999984e+00 4.709015306999999950e+01
1.101758540000000064e+00 4.738399298000000215e+01
1.102258235999999947e+00 4.774913662000000159e+01
1.102828377000000026e+00 4.809506644999999736e+01
1.103393703999999920e+00 4.841138881999999910e+01
1.103935254999999893e+00 4.873372434000000197e+01
1.104475577999999958e+00 4.908638553000000115e+01
1.105023957000000001e+00 4.942976601000000159e+01
1.105607656999999966e+00 4.976948639999999813e+01
1.106139578999999928e+00 5.011293158000000147e+01
1.106671844999999932e+00 5.037631644999999736e+01
1.107233045999999943e+00 5.072943486999999863e+01
1.107774792999999924e+00 5.108268377000000271e+01
1.108316099000000055e+00 5.133626490999999703e+01
1.108863249000000106e+00 5.169938223999999849e+01
1.109447244000000055e+00 5.202518268000000035e+01
1.109991790999999894e+00 5.237555548000000272e+01
1.110536976999999981e+00 5.267279451999999651e+01
1.111089631000000022e+00 5.299323531000000287e+01
1.111625729000000007e+00 5.330844693000000234e+01
1.112173124999999985e+00 5.363535702000000072e+01
1.112712120999999943e+00 5.401991183999999890e+01
1.113276563999999969e+00 5.428774079000000086e+01
1.113839779000000085e+00 5.462099079000000046e+01
1.114373714999999931e+00 5.497404342000000099e+01
1.114938208000000097e+00 5.530533289000000252e+01
1.115473028999999894e+00 5.565171996000000121e+01
1.116025387000000091e+00 5.601202697000000086e+01
1.116585064999999988e+00 5.631299188999999927e+01
1.117121063999999997e+00 5.663911798000000175e+01
1.117676859999999994e+00 5.701007850999999960e+01
1.118221310000000024e+00 5.730522544000000096e+01
1.118780201999999946e+00 5.767481315999999936e+01
1.119326615999999941e+00 5.799296667000000127e+01
1.119904765000000024e+00 5.832157631999999836e+01
1.120414778000000000e+00 5.866554451999999742e+01
1.120959030000000078e+00 5.899382741000000152e+01
1.121532511999999926e+00 5.932302588000000299e+01
1.122059718999999900e+00 5.964229012999999924e+01
1.122616301000000094e+00 5.996488662000000147e+01
1.123166842000000054e+00 6.030761360000000337e+01
1.123706918999999971e+00 6.063125613999999786e+01
1.124274653000000068e+00 6.095620569999999816e+01
1.124824309999999938e+00 6.123246557000000223e+01
1.125380647000000067e+00 6.160911250000000194e+01
1.125927651000000029e+00 6.191144912000000033e+01
1.126455742000000093e+00 6.223025504000000296e+01
1.127030599000000022e+00 6.250200613999999888e+01
1.127560949000000035e+00 6.285871886000000330e+01
1.128110654999999962e+00 6.317510701999999867e+01
1.128664437000000076e+00 6.346156205999999855e+01
1.129234725999999966e+00 6.378004123000000192e+01
1.129776571000000063e+00 6.409629889999999364e+01
1.130332958000000110e+00 6.438458398999999588e+01
1.130868859000000004e+00 6.470136469000000545e+01
1.131410213999999970e+00 6.498520569999999452e+01
1.131962474000000052e+00 6.526342610000000377e+01
1.132530994999999985e+00 6.563562785000000588e+01
1.133082321000000059e+00 6.589117061000000319e+01
1.133622201000000107e+00 6.619481424999999319e+01
1.134142726000000101e+00 6.647839319999999930e+01
1.134712621999999893e+00 6.680863771999999301e+01
1.135257022000000005e+00 6.711090855000000488e+01
1.135819008999999991e+00 6.743089100999999630e+01
1.136381684000000059e+00 6.774401161999999488e+01
1.136898229999999899e+00 6.799641622999999413e+01
1.137474658999999999e+00 6.833979671000000167e+01
1.138002897000000013e+00 6.859167938999999592e+01
1.138560119000000093e+00 6.890702149000000531e+01
1.139124315999999970e+00 6.919733288999999843e+01
1.139656288000000073e+00 6.948908179999999390e+01
1.140213361999999897e+00 6.979115745999999376e+01
1.140776280999999948e+00 7.007467171000000405e+01
1.141297003000000032e+00 7.036681206000000088e+01
1.141867783999999997e+00 7.069163113999999837e+01
1.142422647000000069e+00 7.096998311000000115e+01
1.142948478000000101e+00 7.129506315999999799e+01
1.143508253999999891e+00 7.157740087999999901e+01
1.144075496999999997e+00 7.188908399000000315e+01
1.144620436999999935e+00 7.215926491000000453e+01
1.145169258999999995e+00 7.246748420999999496e+01
1.145725056000000075e+00 7.277864429999999629e+01
1.146233741999999944e+00 7.306058946999999648e+01
1.146809385999999931e+00 7.331410481999999718e+01
1.147359288000000088e+00 7.365029671000000633e+01
1.147917638000000018e+00 7.390694911999999306e+01
1.148462628999999957e+00 7.423954560999999330e+01
1.149015380000000031e+00 7.450293048000000340e+01
1.149564545000000049e+00 7.479141183999999498e+01
1.150118179999999990e+00 7.509538224000000639e+01
1.150659485999999898e+00 7.539641183999999896e+01
1.151204179999999910e+00 7.566744253999999614e+01
1.151763317999999980e+00 7.593023968999999340e+01
1.152317837000000011e+00 7.624911140000000387e+01
1.152830551999999953e+00 7.651877039000000025e+01
1.153404329000000006e+00 7.683881753999999376e+01
1.153937723999999942e+00 7.713742938999999410e+01
1.154500842000000027e+00 7.744198860000000195e+01
1.155037775000000044e+00 7.776706864000000508e+01
1.155583942999999891e+00 7.808496008999999560e+01
1.156154821000000110e+00 7.838945350999999562e+01
1.156707621000000019e+00 7.867590855000000261e+01
1.157235514999999992e+00 7.901327697000000683e+01
1.157790477000000040e+00 7.926372105000000090e+01
1.158357768999999982e+00 7.953102696999999921e+01
1.158919609000000017e+00 7.985930987000000414e+01
1.159429131000000002e+00 8.016282302999999843e+01
1.159996814999999959e+00 8.043215417000000400e+01
1.160550646999999991e+00 8.074305329000000597e+01
1.161102662000000008e+00 8.100414978000000588e+01
1.161655413000000081e+00 8.127393924999999797e+01
1.162207084000000057e+00 8.153902367999999967e+01
1.162740233999999928e+00 8.181600174999999808e+01
1.163271959000000022e+00 8.206526929999999709e+01
1.163834436999999999e+00 8.233035372999999879e+01
1.164377167000000046e+00 8.257890197000000398e+01
1.164938663000000041e+00 8.282914977999999451e+01
1.165476726000000074e+00 8.309972433999999453e+01
1.166042298999999893e+00 8.329736031000000196e+01
1.166591758000000034e+00 8.350885263000000691e+01
1.167145835999999992e+00 8.374831645000000435e+01
1.167695050999999928e+00 8.392824188999999535e+01
1.168220784000000068e+00 8.412522434000000260e+01
1.168794461999999923e+00 8.429142500000000382e+01
1.169320144999999922e+00 8.442004561000000251e+01
1.169907086999999901e+00 8.461389101000000323e+01
1.170431690000000025e+00 8.480675614000000451e+01
1.170989746000000054e+00 8.491831863999999541e+01
1.171522160000000090e+00 8.509883179999999925e+01
1.172102026999999991e+00 8.522876053000000240e+01
1.172654386000000049e+00 8.530672982000000104e+01
1.173183853000000054e+00 8.545476053000000149e+01
1.173734982000000038e+00 8.557174845999999491e+01
1.174287242999999981e+00 8.561762785000000520e+01
1.174825599999999914e+00 8.571134825000000035e+01
1.175405714000000046e+00 8.579689978000000394e+01
1.175947166000000044e+00 8.581650614000000132e+01
1.176484394999999905e+00 8.587924845999999945e+01
1.177044120999999999e+00 8.595068157999999414e+01
1.177592156000000001e+00 8.597610591999999485e+01
1.178109242999999973e+00 8.601649518000000683e+01
1.178684099999999901e+00 8.614531205999999486e+01
1.179234346000000100e+00 8.614420131999999342e+01
1.179781890000000111e+00 8.617864319999999623e+01
1.180340831000000090e+00 8.625746338000000435e+01
1.180890341000000010e+00 8.629850614000000064e+01
1.181434690999999981e+00 8.629831095999999491e+01
1.181992845999999986e+00 8.635954889999999295e+01
