1.000000000000000000e+00 0.000000000000000000e+00
1.000539988999999963e+00 -7.817572000000000063e-03
1.001075946000000050e+00 -6.311965000000000110e-03
1.001648641000000062e+00 4.389421999999999768e-02
1.002166086999999983e+00 1.378209099999999979e-02
1.002725848000000086e+00 -9.612717999999999263e-03
1.003286445999999943e+00 8.222927999999999141e-03
1.003813120000000003e+00 -2.322108499999999895e-02
1.004361413000000036e+00 1.181322100000000049e-02
1.004896151999999931e+00 3.850878199999999835e-02
1.005429630000000074e+00 4.511028699999999891e-02
1.005983075999999921e+00 1.441907800000000010e-02
1.006504456999999908e+00 2.275782200000000047e-02
1.007079966999999909e+00 2.542158699999999896e-02
1.007637260999999951e+00 4.157790199999999992e-02
1.008161652000000075e+00 4.551564300000000146e-02
1.008700369999999902e+00 3.155982899999999758e-02
1.009248477999999949e+00 3.920367699999999928e-02
1.009811065000000063e+00 6.809974000000000582e-02
1.010354597999999937e+00 5.889237700000000270e-02
1.010901000000000050e+00 4.864267199999999791e-02
1.011428836999999969e+00 7.174793999999999616e-02
1.011976696000000064e+00 9.340551199999999610e-02
1.012499629999999984e+00 9.091546999999999823e-02
1.013073053999999917e+00 1.333619869999999874e-01
1.013625043000000003e+00 1.298875190000000068e-01
1.014146663000000004e+00 1.225911130000000016e-01
1.014693553999999942e+00 1.849579650000000020e-01
1.015257695999999932e+00 1.988558759999999870e-01
1.015783053999999908e+00 2.043571289999999985e-01
1.016319446000000015e+00 2.188341129999999968e-01
1.016887477999999900e+00 2.329057449999999974e-01
1.017425325999999908e+00 3.036113409999999790e-01
1.017962401999999988e+00 3.276431390000000277e-01
1.018503989000000054e+00 3.593187829999999749e-01
1.019056761000000089e+00 4.009545930000000258e-01
1.019587076000000092e+00 4.300822819999999824e-01
1.020113119999999984e+00 4.746714009999999928e-01
1.020685478000000090e+00 5.545843609999999702e-01
1.021237076000000021e+00 6.458472779999999691e-01
1.021773033000000108e+00 6.988909479999999563e-01
1.022303739000000045e+00 7.296400690000000022e-01
1.022859717000000002e+00 8.089160429999999735e-01
1.023383477999999958e+00 9.115868289999999874e-01
1.023952423999999972e+00 1.009856566000000067e+00
1.024512923999999936e+00 1.112874829999999982e+00
1.025047803999999951e+00 1.234655263999999919e+00
1.025564565000000039e+00 1.335473004000000019e+00
1.026112772000000062e+00 1.480590268000000043e+00
1.026670304000000034e+00 1.576717442000000080e+00
1.027189292999999948e+00 1.760459304999999919e+00
1.027757999999999949e+00 1.953987723000000010e+00
1.028288129999999967e+00 2.101595028999999837e+00
1.028838369999999891e+00 2.303693737000000130e+00
1.029385935000000085e+00 2.492821104999999982e+00
1.029944294999999954e+00 2.698799633999999781e+00
1.030469512000000032e+00 2.901709086999999965e+00
1.030995410000000057e+00 3.139479124999999815e+00
1.031558382999999912e+00 3.402381097000000132e+00
1.032108672999999976e+00 3.624168524999999974e+00
1.032648223999999892e+00 3.916777386000000138e+00
1.033173877999999934e+00 4.157269078999999756e+00
1.033728736999999898e+00 4.469624465999999963e+00
1.034289715999999970e+00 4.738491074999999775e+00
1.034801473999999999e+00 5.048066902999999606e+00
1.035391463000000067e+00 5.365807795000000269e+00
1.035903561000000028e+00 5.723678871999999807e+00
1.036436941000000056e+00 6.028448423999999584e+00
1.036993209000000027e+00 6.384640108000000147e+00
1.037552924999999959e+00 6.777545577999999793e+00
1.038094711999999920e+00 7.118681203999999596e+00
1.038615993000000071e+00 7.483211758000000380e+00
1.039169151000000069e+00 7.895053009999999816e+00
1.039720898999999976e+00 8.266648268999999161e+00
1.040236543000000013e+00 8.649419763999999233e+00
1.040810400000000024e+00 9.109787878000000561e+00
1.041357094999999955e+00 9.512190190000000101e+00
1.041884546999999994e+00 9.930111592999999459e+00
1.042415837999999928e+00 1.037142801999999975e+01
1.042985612999999923e+00 1.080191572999999927e+01
1.043524824999999989e+00 1.126101026000000083e+01
1.044071957000000106e+00 1.172091505000000033e+01
1.044622441000000013e+00 1.217294459000000018e+01
1.045171515999999912e+00 1.266330890999999959e+01
1.045688764999999965e+00 1.311464282999999931e+01
1.046244838000000010e+00 1.355677048999999990e+01
1.046801249999999905e+00 1.406358093999999959e+01
1.047323843000000032e+00 1.454757492000000063e+01
1.047874085999999982e+00 1.507847553000000040e+01
1.048441285000000001e+00 1.552627694999999974e+01
1.048979281999999902e+00 1.606146299999999982e+01
1.049505762999999980e+00 1.650943832000000100e+01
1.050057996999999910e+00 1.702088104999999985e+01
1.050607266000000095e+00 1.753799947999999986e+01
1.051147060999999994e+00 1.805812869000000020e+01
1.051668148000000080e+00 1.853442131999999987e+01
1.052242734000000013e+00 1.911106854999999882e+01
1.052782236999999954e+00 1.960033310000000029e+01
1.053318047000000091e+00 2.011415025999999884e+01
1.053886461000000052e+00 2.067996877999999938e+01
1.054426740999999890e+00 2.118637312999999978e+01
1.054935098000000071e+00 2.170580770000000115e+01
1.055496320999999904e+00 2.225651205999999860e+01
1.056021247000000107e+00 2.281069159999999840e+01
1.056573626000000043e+00 2.335913714000000141e+01
1.057114732999999918e+00 2.392443491999999949e+01
1.057665606999999897e+00 2.446923234999999863e+01
1.058200153000000032e+00 2.501264049999999983e+01
1.058738685000000013e+00 2.554238206999999861e+01
1.059309528000000000e+00 2.610026801000000063e+01
1.059843832999999957e+00 2.660319816000000159e+01
1.060407388000000006e+00 2.717561824999999942e+01
1.060928134999999939e+00 2.771891078000000164e+01
1.061467734999999912e+00 2.827465254000000172e+01
1.062028084000000039e+00 2.883838712000000015e+01
1.062577984999999892e+00 2.939910897000000034e+01
1.063098148999999992e+00 2.992531901999999988e+01
1.063647564000000045e+00 3.047057987000000168e+01
1.064204560000000077e+00 3.102655383999999827e+01
1.064747561999999981e+00 3.155768567000000147e+01
1.065277395999999932e+00 3.211447086999999811e+01
1.065831135999999901e+00 3.263089367999999979e+01
1.066367625999999902e+00 3.316521019999999709e+01
1.066893475000000091e+00 3.368945095000000123e+01
1.067449400999999964e+00 3.420720572999999831e+01
1.068019661999999981e+00 3.476590193999999912e+01
1.068559457999999962e+00 3.528794216000000006e+01
1.069088221999999977e+00 3.579648971000000302e+01
1.069645071999999919e+00 3.629061776000000350e+01
1.070211688000000105e+00 3.683049341000000254e+01
1.070726749999999949e+00 3.727123079999999788e+01
1.071274561999999930e+00 3.777728831999999670e+01
1.071815911999999926e+00 3.828734175000000306e+01
1.072358377999999890e+00 3.877371016000000026e+01
1.072894870000000056e+00 3.923859502999999904e+01
1.073430874000000035e+00 3.974094711000000046e+01
1.074006041999999939e+00 4.019946164000000266e+01
1.074516779000000088e+00 4.065965594000000038e+01
1.075063134000000087e+00 4.113392195000000129e+01
1.075645640000000069e+00 4.159041083000000327e+01
1.076154092999999978e+00 4.202529959000000304e+01
1.076699622000000023e+00 4.249406378999999845e+01
1.077259095999999916e+00 4.295315832000000000e+01
1.077784360999999969e+00 4.340211878000000212e+01
1.078339025000000007e+00 4.387076737999999665e+01
1.078890724000000079e+00 4.429708526000000290e+01
1.079426486000000018e+00 4.477256762999999751e+01
1.079963218000000058e+00 4.518180302999999753e+01
1.080511274000000022e+00 4.562613121999999777e+01
1.081071185000000101e+00 4.607045843000000218e+01
1.081601503999999991e+00 4.646550651999999815e+01
1.082157527999999980e+00 4.686565030999999948e+01
1.082697274000000043e+00 4.730598256999999762e+01
1.083238284000000107e+00 4.776629248999999788e+01
1.083745814000000030e+00 4.811808303000000109e+01
1.084314521000000031e+00 4.855546182999999871e+01
1.084868503000000040e+00 4.904930132999999870e+01
1.085410484999999925e+00 4.937758074999999991e+01
1.085944350999999974e+00 4.980054101000000344e+01
1.086516653000000110e+00 5.025540742999999821e+01
1.087037060000000110e+00 5.059874366999999751e+01
1.087568934000000098e+00 5.099819280999999904e+01
1.088125978000000105e+00 5.140847066999999981e+01
1.088684285999999890e+00 5.179894380999999726e+01
1.089212126999999919e+00 5.215328267999999667e+01
1.089759453000000100e+00 5.258764973000000253e+01
1.090317712000000050e+00 5.296254626000000343e+01
1.090837585000000054e+00 5.331364214999999973e+01
1.091405076000000030e+00 5.371488570999999723e+01
1.091937533999999932e+00 5.407356733999999676e+01
1.092496764000000065e+00 5.445888745999999969e+01
1.093019941000000106e+00 5.478815200999999746e+01
1.093561629999999951e+00 5.511145134000000212e+01
1.094209734000000100e+00 5.434700851000000199e+01
1.094611725000000035e+00 4.559138624999999934e+01
1.095178487999999950e+00 4.958373346999999853e+01
1.095771829000000031e+00 4.945708817999999951e+01
1.096262985000000079e+00 5.028725723000000158e+01
1.096820174999999953e+00 5.116085578999999939e+01
1.097361427000000056e+00 5.146852118999999703e+01
1.097916965000000022e+00 5.236661503999999923e+01
1.098457390999999950e+00 5.305531416000000178e+01
1.098978186999999940e+00 5.363086161999999746e+01
1.099534599000000057e+00 5.416326714000000209e+01
1.100091546999999892e+00 5.470609624000000082e+01
1.100625654999999981e+00 5.518296790000000129e+01
1.101188532000000109e+00 5.572087522000000348e+01
1.101716324000000080e+00 5.605257152000000076e+01
1.102265252999999889e+00 5.652429015999999962e+01
1.102803541000000109e+00 5.699201191000000222e+01
1.103351548000000015e+00 5.735266284000000070e+01
1.103882304000000092e+00 5.774811606000000097e+01
1.104458299000000032e+00 5.815387726000000157e+01
1.104978221000000094e+00 5.846663835999999748e+01
1.105515440000000016e+00 5.856091213999999923e+01
1.106072095999999894e+00 5.885126285999999851e+01
1.106622191000000033e+00 5.912313986000000199e+01
1.107142062999999954e+00 5.939177485999999817e+01
1.107721750999999921e+00 5.971142704999999751e+01
1.108256686999999907e+00 5.998938488999999663e+01
1.108777968000000058e+00 6.024771288000000169e+01
1.109343855000000101e+00 6.056788580999999994e+01
1.109902697999999965e+00 6.087219164999999776e+01
1.110388168000000064e+00 6.095164176000000111e+01
1.110959789999999892e+00 6.126926636000000315e+01
1.111516688000000030e+00 6.154473414999999648e+01
1.112050554000000080e+00 6.185882723000000283e+01
1.112584954999999987e+00 6.220025247000000235e+01
1.113155509000000043e+00 6.256489833999999917e+01
1.113688695000000006e+00 6.286891562999999650e+01
1.114214688999999980e+00 6.319736894999999777e+01
1.114783784000000111e+00 6.351887385999999935e+01
1.115317698999999996e+00 6.389017960000000329e+01
1.115872653999999908e+00 6.425048271999999372e+01
1.116379454999999910e+00 6.452479341999999463e+01
1.116940241000000000e+00 6.486517619999999340e+01
1.117497382999999900e+00 6.522206242999999404e+01
1.118011764000000019e+00 6.552654218000000697e+01
1.118562298000000066e+00 6.583669761999999537e+01
1.119150246000000015e+00 6.621113072999999360e+01
1.119655929000000105e+00 6.646412985999999989e+01
1.120181585000000091e+00 6.684441160000000082e+01
1.120768560999999996e+00 6.719394429999999829e+01
1.121290278999999890e+00 6.746738546999999642e+01
1.121808547999999961e+00 6.774360620000000210e+01
1.122374387000000029e+00 6.811815491999999495e+01
1.122936047999999909e+00 6.836409002999999984e+01
1.123463743000000070e+00 6.864540644999999586e+01
1.123994353999999918e+00 6.882109866999999781e+01
1.124571175000000034e+00 6.906842403999999647e+01
1.125092602000000053e+00 6.927121719999999527e+01
1.125634339999999955e+00 6.954946551999999826e+01
1.126196195999999983e+00 6.983431444999999371e+01
1.126745805000000100e+00 7.016045162999999718e+01
1.127248135999999956e+00 7.042034282000000189e+01
1.127806590000000053e+00 7.075180788999999493e+01
1.128385450999999984e+00 7.106868052000000091e+01
1.128915576000000032e+00 7.138450973000000488e+01
1.129417227000000024e+00 7.166941694999999868e+01
1.129998615000000095e+00 7.195785666000000447e+01
1.130535056999999899e+00 7.230472541000000319e+01
1.131055560999999932e+00 7.207911577000000136e+01
1.131610419000000034e+00 7.219047299999999723e+01
1.132172807999999975e+00 7.256015725999999688e+01
1.132730143999999939e+00 7.255772453000000155e+01
1.133229851000000066e+00 7.277042054000000348e+01
1.133814058000000013e+00 7.311972104000000172e+01
1.134365027999999942e+00 7.357719407999999817e+01
1.134874939999999999e+00 7.283400355999999931e+01
1.135415754999999915e+00 7.382006010000000629e+01
1.135980718999999972e+00 7.401926344000000313e+01
1.136497482000000003e+00 7.445015628000000163e+01
1.137026926999999965e+00 7.478671704999999292e+01
1.137632562000000069e+00 7.291443782999999712e+01
1.138124348999999924e+00 7.458913520000000119e+01
1.138659623999999981e+00 7.455149505999999349e+01
1.139230954000000073e+00 7.509669859000000258e+01
1.139788290000000037e+00 7.549736409999999864e+01
1.140299852999999919e+00 7.578835116999999855e+01
1.140889258999999933e+00 7.475979001999999696e+01
1.141389647000000007e+00 7.478133184000000711e+01
1.141954756999999931e+00 7.579981721999999422e+01
1.142482258000000028e+00 7.614807525999999882e+01
1.143037067000000073e+00 7.659251905000000704e+01
1.143572245999999959e+00 7.697691136000000256e+01
1.144111992000000022e+00 7.730443880999999351e+01
1.144689443999999945e+00 7.761882140000000163e+01
1.145196147999999914e+00 7.795827733999999509e+01
1.145745709999999917e+00 7.826136778999999422e+01
1.146290314999999893e+00 7.545103747000000283e+01
1.146832199000000108e+00 7.715295138999999836e+01
1.147368058000000079e+00 7.782456802000000096e+01
1.147895753000000019e+00 7.797026411999999596e+01
1.148444634000000075e+00 7.859468558000000371e+01
1.149008092000000092e+00 7.888636827000000551e+01
1.149547255000000101e+00 7.923989591000000132e+01
1.150097592999999918e+00 7.958635952999999574e+01
1.150655221999999922e+00 7.987051381000000561e+01
1.151173975999999932e+00 8.016891271999999447e+01
1.151714985999999996e+00 8.044530736000000104e+01
1.152275723000000029e+00 8.071874950000000126e+01
1.152812649999999994e+00 8.098165147000000275e+01
1.153376691000000065e+00 8.126511014000000444e+01
1.153910023999999979e+00 8.147670637000000227e+01
1.154463666000000055e+00 7.788160775999999430e+01
1.154989612999999915e+00 8.036284646000000009e+01
1.155537715999999993e+00 8.049568723000000148e+01
1.156059095999999897e+00 8.075059833000000253e+01
1.156615460000000040e+00 8.142603698000000634e+01
1.157173183999999910e+00 8.158731065999999998e+01
1.157714775999999945e+00 8.187603891999999917e+01
1.158249080000000042e+00 8.223130464000000472e+01
1.158803986999999980e+00 8.243566196999999818e+01
1.159352771000000004e+00 8.270221204999999998e+01
1.159864041999999928e+00 8.289799850999999364e+01
1.160411853999999909e+00 8.310229753999999502e+01
1.160980365999999986e+00 8.335622449000000245e+01
1.161508353000000104e+00 8.352525780999999938e+01
1.162030995000000066e+00 8.378022622999999669e+01
1.162607184000000071e+00 8.412321466999999586e+01
1.163168213000000062e+00 8.441478175999999678e+01
1.163679096000000079e+00 8.467895740999999532e+01
1.164213496999999986e+00 8.499577175000000295e+01
