1.000000000000000000e+00 0.000000000000000000e+00
1.000562863999999941e+00 6.442523999999999820e-03
1.001151273000000064e+00 4.012449000000000397e-03
1.001690908999999907e+00 4.289364700000000002e-02
1.002285158999999926e+00 2.729595099999999885e-02
1.002855341000000067e+00 4.730168800000000146e-02
1.003419920000000021e+00 7.832752399999999560e-02
1.003996647999999992e+00 9.313402899999999318e-02
1.004553352000000066e+00 1.189041150000000047e-01
1.005103977000000093e+00 1.138179200000000030e-01
1.005704579999999959e+00 1.455784300000000087e-01
1.006260976999999945e+00 1.416224899999999898e-01
1.006822772999999893e+00 1.970621029999999885e-01
1.007385125000000103e+00 2.275228029999999957e-01
1.007972364000000010e+00 2.309701150000000036e-01
1.008535932000000024e+00 2.775936469999999989e-01
1.009095988999999971e+00 3.169834550000000251e-01
1.009668556999999911e+00 3.159097089999999830e-01
1.010257466000000104e+00 3.847994969999999904e-01
1.010810216000000095e+00 3.698799660000000045e-01
1.011375056999999966e+00 4.279757089999999820e-01
1.011940909000000000e+00 4.861844699999999797e-01
1.012512102000000080e+00 5.083377070000000275e-01
1.013100364000000031e+00 5.715196449999999651e-01
1.013652500000000067e+00 6.278069590000000533e-01
1.014245067999999916e+00 6.871459939999999822e-01
1.014822351999999928e+00 7.426986249999999457e-01
1.015360932000000105e+00 8.204610599999999643e-01
1.015911602000000080e+00 8.770873989999999898e-01
1.016502954999999986e+00 9.563191239999999649e-01
1.017074148000000067e+00 1.054652394000000104e+00
1.017633135999999938e+00 1.082287455999999981e+00
1.018213011000000057e+00 1.198818034000000088e+00
1.018784965999999903e+00 1.322186668999999926e+00
1.019316330000000104e+00 1.402492158999999905e+00
1.019908091000000017e+00 1.494948023000000070e+00
1.020492898000000093e+00 1.645669175999999956e+00
1.021044169999999918e+00 1.750049379000000016e+00
1.021594432000000108e+00 1.865054025000000060e+00
1.022190659000000057e+00 2.036911141000000036e+00
1.022769159000000094e+00 2.171808551999999892e+00
1.023319375000000031e+00 2.321060376999999786e+00
1.023912249999999968e+00 2.509928017000000011e+00
1.024485931999999933e+00 2.668843632999999826e+00
1.025030749999999991e+00 2.827363592000000203e+00
1.025589601999999934e+00 3.046974475999999932e+00
1.026170385999999990e+00 3.227365203000000182e+00
1.026752544999999905e+00 3.450875491000000128e+00
1.027299044999999911e+00 3.664722081999999936e+00
1.027877294999999913e+00 3.859862785999999879e+00
1.028420340999999905e+00 4.126549331999999737e+00
1.029015307000000101e+00 4.386228198000000411e+00
1.029575681999999937e+00 4.622341025999999964e+00
1.030170283999999992e+00 4.900612856999999600e+00
1.030717034000000032e+00 5.160574362000000193e+00
1.031299398000000034e+00 5.426130633999999731e+00
1.031867034000000016e+00 5.731189797999999946e+00
1.032441318000000052e+00 6.052863828999999640e+00
1.033005705000000107e+00 6.328253418000000075e+00
1.033549363999999970e+00 6.643711084000000433e+00
1.034137670000000009e+00 7.000592946000000261e+00
1.034716216000000077e+00 7.308082184999999953e+00
1.035270488999999960e+00 7.658125894000000322e+00
1.035850670000000084e+00 8.043094983999999670e+00
1.036423738999999955e+00 8.381383976000000402e+00
1.036995034000000038e+00 8.761492822999999319e+00
1.037532238999999912e+00 9.111141063999999901e+00
1.038115306999999987e+00 9.533183065999999428e+00
1.038684216000000049e+00 9.899276741999999629e+00
1.039255908999999978e+00 1.029899514999999965e+01
1.039822226999999932e+00 1.071515993000000044e+01
1.040409818000000097e+00 1.110900177999999983e+01
1.040956580000000020e+00 1.152929096000000087e+01
1.041554636000000089e+00 1.192946257999999915e+01
1.042101181999999904e+00 1.235698604000000067e+01
1.042665670000000100e+00 1.281225768000000009e+01
1.043230045000000050e+00 1.320802046000000018e+01
1.043823136000000096e+00 1.367256109000000031e+01
1.044375682000000083e+00 1.414619908999999964e+01
1.044942500000000107e+00 1.456541497999999990e+01
1.045497080000000079e+00 1.499610333000000040e+01
1.046084363999999933e+00 1.550670159999999953e+01
1.046667192999999996e+00 1.594191161000000001e+01
1.047212068000000107e+00 1.639899134999999930e+01
1.047774817999999941e+00 1.687313849999999960e+01
1.048350783999999924e+00 1.735598859999999988e+01
1.048918261000000074e+00 1.786963893000000070e+01
1.049484317999999972e+00 1.835311005999999878e+01
1.050074863999999941e+00 1.879979253000000128e+01
1.050621419999999917e+00 1.926472757999999885e+01
1.051186249999999989e+00 1.979205384000000123e+01
1.051787613999999982e+00 2.027620383000000004e+01
1.052338795000000049e+00 2.076933932000000027e+01
1.052877773000000072e+00 2.125959247000000119e+01
1.053479545000000073e+00 2.176538748000000112e+01
1.054056317999999992e+00 2.227078618000000176e+01
1.054599419999999954e+00 2.276697371999999930e+01
1.055157601999999972e+00 2.326191730000000035e+01
1.055755159000000054e+00 2.376471714999999918e+01
1.056337466000000003e+00 2.431317926999999912e+01
1.056871318000000004e+00 2.478840066000000064e+01
1.057458658999999912e+00 2.530346276999999944e+01
1.058017101999999987e+00 2.579625976999999892e+01
1.058578739000000102e+00 2.635223776999999856e+01
1.059151147999999987e+00 2.688046854999999979e+01
1.059736511000000103e+00 2.738061172000000099e+01
1.060280976999999902e+00 2.790963324000000156e+01
1.060870908999999918e+00 2.838095493999999874e+01
1.061444432000000049e+00 2.894642758999999899e+01
1.061991955000000099e+00 2.945521777000000085e+01
1.062589500000000076e+00 2.997061929999999919e+01
1.063147794999999896e+00 3.049924545000000009e+01
1.063698556999999933e+00 3.101560745000000097e+01
1.064254806999999969e+00 3.151806786999999943e+01
1.064844898000000040e+00 3.204940664000000083e+01
1.065403034000000027e+00 3.254548135000000286e+01
1.065990682000000023e+00 3.303850400999999692e+01
1.066547794999999965e+00 3.354198082999999997e+01
1.067125534000000098e+00 3.404246342999999797e+01
1.067674374999999953e+00 3.452322288999999955e+01
1.068245056999999942e+00 3.501579328999999774e+01
1.068804614000000042e+00 3.548038985000000167e+01
1.069403182000000063e+00 3.596103553999999747e+01
1.069959125000000011e+00 3.644213443000000296e+01
1.070515989000000001e+00 3.690164424000000309e+01
1.071088295000000024e+00 3.736341440999999719e+01
1.071667260999999982e+00 3.785677651000000310e+01
1.072219545000000052e+00 3.825564821999999765e+01
1.072798260999999975e+00 3.871594877999999795e+01
1.073376966000000099e+00 3.917670255000000168e+01
1.073951147999999911e+00 3.962242360999999846e+01
1.074534681999999908e+00 4.007639534999999853e+01
1.075064170000000097e+00 4.053635743000000247e+01
1.075650239000000008e+00 4.096981527999999884e+01
1.076242147999999954e+00 4.141310627000000011e+01
1.076784591000000013e+00 4.188973942999999878e+01
1.077336977000000084e+00 4.226826602999999949e+01
1.077923613999999919e+00 4.271172673000000231e+01
1.078483375000000022e+00 4.314281044999999892e+01
1.079050443000000081e+00 4.352382400999999845e+01
1.079639613999999970e+00 4.399152856999999983e+01
1.080188045000000097e+00 4.438299628000000041e+01
1.080755227000000041e+00 4.479045811999999671e+01
1.081337181999999952e+00 4.524906340999999799e+01
1.081913807000000061e+00 4.566827930000000180e+01
1.082464215999999979e+00 4.604511063000000348e+01
1.083021795000000065e+00 4.639617159000000157e+01
1.083594705000000102e+00 4.679628632000000010e+01
1.084180227000000052e+00 4.714553919000000093e+01
1.084725294999999923e+00 4.745268908999999979e+01
1.085327273000000092e+00 4.784014523999999824e+01
1.085877023000000108e+00 4.821918002999999686e+01
1.086438352000000052e+00 4.859527655000000124e+01
1.086986739000000091e+00 4.895458820999999716e+01
1.087604864000000005e+00 4.935300766000000294e+01
1.088144205000000087e+00 4.969073118000000022e+01
1.088714579999999987e+00 5.012774928999999702e+01
1.089305272999999907e+00 5.049344760000000321e+01
1.089869090999999957e+00 5.089260090999999875e+01
1.090418284000000071e+00 5.125649111999999974e+01
1.090992677000000022e+00 5.161817596000000208e+01
1.091571180999999946e+00 5.198082220999999947e+01
1.092140134000000096e+00 5.236663903000000175e+01
1.092705024000000025e+00 5.269916391000000289e+01
1.093276568000000060e+00 5.308469818999999745e+01
1.093826369999999937e+00 5.346972330999999912e+01
1.094400301999999936e+00 5.382818827999999911e+01
1.094991049000000105e+00 5.415364859999999680e+01
1.095553500000000069e+00 5.454330822000000012e+01
1.096075667000000031e+00 5.486091323000000131e+01
1.096663924000000012e+00 5.524062594000000104e+01
1.097261425999999984e+00 5.560643706999999836e+01
1.097827332000000045e+00 5.596173715999999843e+01
1.098383687999999969e+00 5.629126593000000156e+01
1.098959905999999931e+00 5.668290430999999785e+01
1.099525505999999986e+00 5.701949765999999897e+01
1.100084706000000079e+00 5.734365807999999731e+01
1.100659043999999920e+00 5.775569752999999906e+01
1.101237446999999925e+00 5.806996792999999712e+01
1.101804468999999953e+00 5.842492859000000038e+01
1.102332985999999959e+00 5.878005800999999764e+01
1.102915249000000042e+00 5.913953938000000221e+01
1.103498273999999890e+00 5.949483946000000145e+01
1.104061691000000067e+00 5.988071221999999949e+01
1.104635672999999985e+00 6.020204720000000265e+01
1.105213007999999997e+00 6.053050362999999834e+01
1.105779574000000043e+00 6.091134653000000299e+01
1.106355132000000019e+00 6.130191066999999805e+01
1.106907016000000077e+00 6.158227380000000295e+01
1.107496441999999970e+00 6.196260850000000175e+01
1.108049851000000086e+00 6.228247386000000319e+01
1.108618856000000097e+00 6.263432652000000189e+01
1.109182322999999970e+00 6.302048182000000054e+01
1.109745179999999998e+00 6.334266444000000007e+01
1.110331151000000016e+00 6.370169449000000128e+01
1.110899901000000023e+00 6.406739185000000703e+01
1.111452447000000010e+00 6.438584448999999665e+01
1.112024295000000107e+00 6.473164993000000322e+01
1.112604525999999927e+00 6.508192015000000197e+01
1.113169923999999922e+00 6.539935543999999368e+01
1.113716982999999994e+00 6.577375668999999903e+01
1.114308085000000004e+00 6.614459768999999767e+01
1.114872821999999930e+00 6.644225294000000304e+01
1.115437406999999936e+00 6.683100899000000084e+01
1.115993964999999921e+00 6.717178456000000608e+01
1.116588267000000023e+00 6.748724203999999816e+01
1.117141879999999921e+00 6.784864432999999906e+01
1.117711188999999994e+00 6.818569089000000361e+01
1.118267949999999900e+00 6.850657359999999585e+01
1.118823898999999900e+00 6.885774739999999383e+01
1.119404689000000008e+00 6.916258005000000253e+01
1.119985376000000032e+00 6.952731789000000617e+01
1.120549961000000039e+00 6.982361731000000304e+01
1.121124299999999963e+00 7.020711688999999467e+01
1.121713624000000076e+00 7.055563494999999818e+01
1.122248998999999969e+00 7.085402501000000086e+01
1.122823032000000110e+00 7.121045528000000502e+01
1.123406413000000104e+00 7.151472284000000457e+01
1.123991165000000070e+00 7.186612323999999319e+01
1.124535022999999967e+00 7.219553919000000519e+01
1.125112408999999980e+00 7.249381737000000214e+01
1.125676434999999920e+00 7.282408094999999548e+01
1.126238988000000107e+00 7.313609194999999374e+01
1.126807992000000036e+00 7.347172482999999943e+01
1.127368259000000039e+00 7.377214960000000588e+01
1.127942546999999962e+00 7.407274408000000676e+01
1.128506725000000044e+00 7.437124792000000184e+01
1.129075271999999908e+00 7.464019453999999598e+01
1.129648390999999918e+00 7.493643801999999710e+01
1.130226082000000076e+00 7.514203297999999620e+01
1.130760237999999918e+00 7.539916959999999335e+01
1.131366172999999975e+00 7.563454744000000574e+01
1.131925271999999927e+00 7.584500348999999630e+01
1.132477257999999987e+00 7.610812950000000399e+01
1.133073033000000063e+00 7.642432177999999965e+01
1.133608001999999892e+00 7.668388753000000690e+01
1.134182848000000021e+00 7.691807925000000523e+01
1.134764907999999961e+00 7.723856659000000491e+01
1.135343106999999963e+00 7.748897712999999499e+01
1.135898902999999960e+00 7.778877991999999608e+01
1.136459271999999965e+00 7.810644181000000685e+01
1.137050525999999895e+00 7.840285405999999568e+01
1.137605661000000046e+00 7.872673288999999386e+01
1.138153788000000111e+00 7.899053682000000265e+01
1.138758098000000052e+00 7.928463277000000176e+01
1.139307086000000080e+00 7.960749330000000157e+01
1.139867149999999940e+00 7.988050932000000159e+01
1.140425232999999983e+00 8.023032727999999736e+01
1.141026544999999892e+00 8.052086203000000353e+01
1.141557246999999942e+00 8.078184145000000171e+01
1.142138442999999892e+00 8.107147168000000192e+01
1.142756163999999908e+00 8.143954316999999321e+01
1.143296212999999950e+00 8.171781565999999941e+01
1.143848299999999929e+00 8.197879414000000509e+01
1.144418015999999927e+00 8.231080987999999365e+01
1.144995350999999939e+00 8.263576199999999972e+01
1.145545204999999900e+00 8.289510210000000257e+01
1.146121624999999922e+00 8.321994044000000201e+01
1.146706833999999953e+00 8.352166510000000699e+01
1.147273959000000065e+00 8.380609764000000439e+01
1.147829297999999998e+00 8.412195049000000324e+01
1.148407750999999921e+00 8.441649775000000488e+01
1.148985898999999922e+00 8.470940663999999742e+01
1.149541747000000003e+00 8.497682770000000119e+01
1.150116847000000053e+00 8.526154278999999292e+01
1.150703529999999919e+00 8.556711024999999893e+01
1.151223206999999915e+00 8.585476361000000622e+01
1.151819134999999994e+00 8.615134557999999743e+01
1.152380975999999890e+00 8.642221406999999544e+01
1.152956686000000008e+00 8.674309678999999562e+01
1.153520051999999962e+00 8.701616970000000606e+01
1.154089767000000100e+00 8.727946541999999397e+01
1.154665172999999934e+00 8.756440521000000388e+01
1.155224524999999947e+00 8.784652051000000483e+01
1.155797643000000097e+00 8.813411698000000172e+01
1.156347699999999978e+00 8.839684762000000262e+01
1.156928540000000005e+00 8.868167458000000636e+01
1.157487485999999954e+00 8.894762697999999546e+01
1.158040589999999925e+00 8.922013386000000423e+01
1.158653790000000017e+00 8.949620192999999801e+01
1.159219339999999931e+00 8.977809062000000040e+01
1.159768278000000041e+00 9.002759663999999873e+01
1.160330169999999939e+00 9.031050267999999903e+01
1.160907201000000111e+00 9.056859977000000583e+01
1.161466249000000062e+00 9.083534197000000177e+01
1.162026363999999923e+00 9.114034528999999907e+01
1.162613960000000057e+00 9.144404776999999740e+01
1.163182557999999922e+00 9.172627588999999659e+01
1.163741300999999950e+00 9.202624839000000634e+01
1.164315079999999947e+00 9.232424308000000224e+01
1.164870266999999959e+00 9.265948059000000114e+01
1.165448669000000104e+00 9.291079566000000511e+01
1.166019501999999930e+00 9.328587482999999736e+01
1.166589724999999911e+00 9.353114268000000209e+01
1.167157865999999933e+00 9.383557996000000401e+01
1.167708683999999941e+00 9.412696329000000617e+01
1.168288305999999999e+00 9.440551738000000626e+01
1.168849384999999907e+00 9.474007697000000405e+01
1.169409855000000054e+00 9.504773792000000299e+01
1.169994860999999942e+00 9.530272037999999668e+01
1.170591449000000006e+00 9.562439478999999665e+01
1.171160961000000000e+00 9.587446590000000413e+01
1.171701110999999962e+00 9.616156175000000417e+01
1.172276770000000079e+00 9.644649585999999886e+01
1.172847705999999990e+00 9.672493522000000610e+01
1.173392530000000100e+00 9.700999258999999597e+01
1.173950510000000058e+00 9.729990440999999635e+01
1.174518092000000014e+00 9.757354619999999557e+01
1.175129107000000062e+00 9.784022867000000190e+01
1.175669714999999949e+00 9.811556763000000103e+01
1.176242782999999958e+00 9.840473991000000353e+01
1.176832005000000070e+00 9.866080324000000701e+01
1.177359201000000022e+00 9.893636026999999444e+01
1.177953199000000062e+00 9.921491342000000202e+01
1.178517884999999987e+00 9.945459295000000566e+01
1.179085975000000008e+00 9.974343337000000531e+01
1.179631357999999963e+00 1.000048062999999985e+02
1.180232670000000095e+00 1.002620548000000014e+02
1.180798575999999933e+00 1.005464295000000021e+02
1.181336490999999933e+00 1.007485817999999966e+02
1.181926170000000109e+00 1.010278650000000056e+02
1.182502896999999997e+00 1.013142212999999998e+02
1.183062147000000008e+00 1.015279503000000005e+02
1.183632269000000070e+00 1.017869529000000028e+02
1.184208485999999949e+00 1.020528484000000020e+02
1.184775560000000061e+00 1.022522890000000046e+02
1.185324854999999955e+00 1.025442297999999965e+02
1.185901123000000057e+00 1.028039150000000035e+02
1.186479016999999914e+00 1.030393468999999982e+02
1.187035422999999978e+00 1.032737074000000064e+02
1.187613572000000062e+00 1.034728067000000067e+02
1.188176582000000092e+00 1.037246887000000015e+02
1.188738169000000067e+00 1.039468940999999944e+02
1.189326882999999890e+00 1.042295715999999999e+02
1.189895683999999898e+00 1.044030711999999994e+02
1.190458288000000087e+00 1.046821932000000004e+02
1.191011290000000056e+00 1.049048537000000039e+02
1.191572319000000046e+00 1.051173974999999956e+02
1.192162404999999925e+00 1.053869717999999978e+02
1.192716676999999947e+00 1.055994019000000037e+02
1.193295181000000094e+00 1.058227449999999976e+02
1.193867741000000038e+00 1.060725316999999990e+02
1.194453610999999915e+00 1.063461166000000020e+02
1.194988071999999901e+00 1.065261677999999961e+02
1.195555195999999931e+00 1.066882992000000030e+02
1.196155899000000078e+00 1.069775379000000015e+02
1.196697268999999952e+00 1.072009948000000037e+02
1.197265205999999971e+00 1.074342175000000026e+02
1.197839086999999969e+00 1.076865545999999938e+02
1.198423280999999951e+00 1.079029953000000006e+02
1.198970085000000019e+00 1.080770069000000007e+02
1.199526847000000007e+00 1.083442014000000029e+02
1.200134610999999962e+00 1.085519381999999950e+02
1.200683093000000090e+00 1.087467993000000064e+02
1.201240920999999906e+00 1.089030616999999950e+02
1.201835680000000073e+00 1.092077833999999967e+02
1.202363639000000095e+00 1.094403329999999954e+02
1.202968304000000099e+00 1.096152452999999980e+02
1.203535835000000054e+00 1.098060293999999999e+02
1.204104840000000065e+00 1.100367774999999995e+02
1.204669221000000068e+00 1.102177293999999961e+02
1.205242847999999922e+00 1.104486480999999998e+02
1.205806721000000081e+00 1.106385314999999991e+02
1.206350985999999903e+00 1.108517010999999997e+02
1.206903988999999955e+00 1.110457088999999939e+02
1.207493973000000054e+00 1.112415275999999977e+02
1.208062519999999918e+00 1.114822216999999966e+02
1.208656874000000103e+00 1.116685968999999972e+02
1.209215158999999984e+00 1.118741339999999980e+02
1.209796303999999934e+00 1.120666247999999996e+02
1.210338638999999938e+00 1.122436799000000036e+02
1.210899973000000074e+00 1.124775283999999971e+02
1.211480305000000035e+00 1.127203082999999992e+02
1.212022944000000102e+00 1.128606326000000024e+02
1.212607543999999926e+00 1.130702466999999984e+02
1.213205757999999967e+00 1.131687486000000007e+02
1.213750429000000075e+00 1.133143824999999936e+02
1.214320196000000074e+00 1.135265280999999931e+02
1.214883967000000009e+00 1.137153401000000059e+02
1.215467043000000080e+00 1.138772534000000007e+02
1.216015067000000061e+00 1.140754993999999982e+02
1.216579041999999999e+00 1.142965290000000067e+02
1.217161101999999939e+00 1.144409208000000007e+02
1.217736455999999912e+00 1.146601301000000035e+02
1.218294234000000031e+00 1.148862986000000035e+02
1.218872026000000108e+00 1.150561763000000042e+02
1.219449819000000046e+00 1.152044175000000052e+02
1.220019482999999960e+00 1.154289457999999939e+02
1.220579190999999897e+00 1.155783626999999996e+02
1.221144892999999954e+00 1.157506108000000040e+02
1.221687127000000039e+00 1.158970410000000015e+02
1.222246632000000055e+00 1.161200427999999931e+02
1.222844845000000014e+00 1.163102674999999948e+02
1.223386569999999951e+00 1.164722378000000020e+02
1.223955931000000108e+00 1.165965669999999932e+02
1.224540632000000073e+00 1.168010326999999933e+02
1.225090891000000015e+00 1.170412146999999976e+02
1.225666549999999910e+00 1.171560436000000038e+02
1.226241294000000037e+00 1.173072714000000047e+02
1.226824775999999950e+00 1.175125905000000017e+02
1.227385399000000099e+00 1.176600353000000041e+02
1.227928444000000008e+00 1.178709388000000047e+02
1.228548908000000051e+00 1.179951542000000018e+02
1.229086061000000063e+00 1.181983778999999970e+02
1.229676452000000086e+00 1.183722092999999944e+02
1.230270806000000050e+00 1.185132731000000064e+02
1.230820049000000083e+00 1.186967661000000049e+02
1.231397231999999953e+00 1.188210952999999961e+02
1.231957243999999951e+00 1.190402002000000010e+02
1.232510145000000001e+00 1.191530000999999999e+02
1.233077371999999894e+00 1.193262720999999971e+02
1.233623667999999896e+00 1.194658567999999974e+02
1.234209791999999917e+00 1.196106467999999978e+02
1.234767163999999973e+00 1.197482025000000050e+02
1.235317218999999911e+00 1.198362465000000014e+02
1.235914619999999964e+00 1.199083049000000045e+02
1.236470468000000045e+00 1.200304248999999999e+02
1.237048463999999903e+00 1.201537395999999944e+02
1.237592728000000086e+00 1.203025970999999998e+02
1.238188910000000087e+00 1.204228018999999961e+02
1.238733378000000052e+00 1.205087599999999952e+02
1.239327121999999948e+00 1.206586889000000014e+02
1.239917308999999968e+00 1.207473018000000025e+02
1.240452837999999947e+00 1.208688623999999976e+02
1.241006956999999966e+00 1.209979418000000067e+02
1.241593080999999987e+00 1.211435756000000055e+02
1.242193732999999911e+00 1.212636665999999934e+02
1.242751104999999967e+00 1.213480981999999955e+02
1.243294963000000086e+00 1.214461450000000013e+02
1.243888706999999982e+00 1.216040952000000033e+02
1.244416917999999983e+00 1.216729868000000039e+02
1.245017773999999910e+00 1.217924045999999976e+02
1.245588455000000039e+00 1.219089876000000032e+02
1.246132516999999940e+00 1.220028056999999961e+02
1.246699843999999890e+00 1.221107985000000014e+02
