1.000000000000000000e+00 0.000000000000000000e+00
1.000555658999999986e+00 3.084021899999999858e-02
1.001109440000000017e+00 3.748272600000000093e-02
1.001645582000000090e+00 8.979245800000000555e-02
1.002190088000000090e+00 1.838551240000000087e-01
1.002742835000000055e+00 1.461351640000000118e-01
1.003288516000000019e+00 1.944119599999999948e-01
1.003858362999999976e+00 3.132654129999999926e-01
1.004441373999999998e+00 2.929820300000000044e-01
1.004972208999999950e+00 4.202572139999999901e-01
1.005502021999999940e+00 4.882243179999999905e-01
1.006045241999999895e+00 4.405405969999999782e-01
1.006599911999999986e+00 6.433743079999999503e-01
1.007154032999999949e+00 6.791963979999999790e-01
1.007733219999999985e+00 6.762310049999999961e-01
1.008247746999999972e+00 8.135885769999999795e-01
1.008807868000000108e+00 8.707615920000000287e-01
1.009356791000000086e+00 9.077698309999999715e-01
1.009912735999999978e+00 9.788209549999999926e-01
1.010456593000000014e+00 1.126260896000000011e+00
1.010997351999999960e+00 1.198379542000000075e+00
1.011567890000000025e+00 1.333246268999999984e+00
1.012101823999999928e+00 1.461114527000000107e+00
1.012675011000000014e+00 1.504765273999999931e+00
1.013205713999999924e+00 1.653272735999999909e+00
1.013754582000000015e+00 1.735592338000000012e+00
1.014293330000000104e+00 1.826926865999999983e+00
1.014861264000000096e+00 1.920870945000000107e+00
1.015409736000000063e+00 2.107810049999999880e+00
1.015973593000000008e+00 2.148851243999999827e+00
1.016502220000000012e+00 2.348007861000000140e+00
1.017058164999999903e+00 2.486314328000000184e+00
1.017596329999999938e+00 2.612284676999999888e+00
1.018165835000000019e+00 2.809662188999999977e+00
1.018716570999999904e+00 2.931480896000000058e+00
1.019274473000000070e+00 3.038354129000000015e+00
1.019823055000000034e+00 3.275823781000000157e+00
1.020358220000000093e+00 3.446038108999999849e+00
1.020904824000000044e+00 3.546861790999999986e+00
1.021444857000000095e+00 3.725379204000000222e+00
1.022001143000000001e+00 3.962137214000000185e+00
1.022570109999999977e+00 4.067586965000000276e+00
1.023114461999999891e+00 4.248358108999999772e+00
1.023661362999999991e+00 4.536714128999999929e+00
1.024208417999999954e+00 4.619508158999999559e+00
1.024762538000000056e+00 4.880701194000000243e+00
1.025316373999999975e+00 5.153399700999999666e+00
1.025862692000000020e+00 5.299060397999999950e+00
1.026407824000000080e+00 5.583383581999999734e+00
1.026969417999999967e+00 5.810533632000000281e+00
1.027503110000000053e+00 5.985611044999999741e+00
1.028044812999999946e+00 6.301960497999999689e+00
1.028623791000000010e+00 6.461024776000000358e+00
1.029149824000000102e+00 6.681888258999999941e+00
1.029706154000000096e+00 6.989460000000000228e+00
1.030273352000000031e+00 7.272122487999999940e+00
1.030830131999999955e+00 7.427746964999999868e+00
1.031370901000000062e+00 7.749196914999999741e+00
1.031947626000000007e+00 8.124261392999999387e+00
1.032471098999999892e+00 8.339312536999999637e+00
1.033009054999999954e+00 8.615688259000000571e+00
1.033581901000000025e+00 8.947339204000000379e+00
1.034118440000000083e+00 9.195602885999999643e+00
1.034657143000000001e+00 9.500921095000000705e+00
1.035215352000000033e+00 9.866021790999999652e+00
1.035772472999999971e+00 1.010764288999999927e+01
1.036306846000000004e+00 1.044961342999999943e+01
1.036854241999999982e+00 1.081827273999999939e+01
1.037407879000000088e+00 1.111232228999999982e+01
1.037973802000000001e+00 1.149402914999999936e+01
1.038522329999999938e+00 1.179650059999999989e+01
1.039073746999999992e+00 1.212601641999999913e+01
1.039619472999999905e+00 1.253286995000000026e+01
1.040172768999999997e+00 1.287140070000000058e+01
1.040714758000000018e+00 1.322511412999999969e+01
1.041241824000000094e+00 1.361049820999999937e+01
1.041815989000000053e+00 1.399706836000000010e+01
1.042355032999999986e+00 1.435730597000000053e+01
1.042923363000000103e+00 1.473972447999999957e+01
1.043450516000000050e+00 1.518536566999999948e+01
1.044012208999999913e+00 1.552318458000000057e+01
1.044555088000000076e+00 1.596028526999999997e+01
1.045105570999999900e+00 1.636144527000000082e+01
1.045673845999999907e+00 1.673911929999999870e+01
1.046208274999999910e+00 1.718404865999999842e+01
1.046769285999999965e+00 1.768259274000000048e+01
1.047326307999999928e+00 1.801139672000000047e+01
1.047856263999999982e+00 1.848562438000000085e+01
1.048411428999999950e+00 1.889330835999999891e+01
1.048964857000000084e+00 1.933764546999999823e+01
1.049490934000000042e+00 1.980107831000000118e+01
1.050081714000000055e+00 2.028953999999999880e+01
1.050617713999999925e+00 2.068120964999999956e+01
1.051158923000000023e+00 2.111937881000000061e+01
1.051707351999999984e+00 2.165208327999999938e+01
1.052260790999999918e+00 2.207174896000000075e+01
1.052815746999999913e+00 2.258986438000000163e+01
1.053361527000000075e+00 2.300086934999999855e+01
1.053904890000000094e+00 2.343192009999999925e+01
1.054459900999999977e+00 2.396960766000000120e+01
1.055013879000000099e+00 2.449602557000000047e+01
1.055559219999999909e+00 2.496218876000000009e+01
1.056109559999999892e+00 2.539466239000000058e+01
1.056669681000000027e+00 2.597991413000000094e+01
1.057206220000000085e+00 2.640432407999999853e+01
1.057732989000000012e+00 2.692884546999999884e+01
1.058288735999999952e+00 2.737768924999999953e+01
1.058849735999999986e+00 2.789971909999999866e+01
1.059404703000000003e+00 2.844404746000000017e+01
1.059968011000000043e+00 2.901838775999999953e+01
1.060503713999999986e+00 2.937589622000000134e+01
1.061077692000000017e+00 2.993339273999999861e+01
1.061603373999999933e+00 3.048175691999999870e+01
1.062150428999999896e+00 3.096808327999999833e+01
1.062701944999999926e+00 3.145689919999999873e+01
1.063250330000000021e+00 3.199007930000000144e+01
1.063814429000000006e+00 3.254318776000000213e+01
1.064353769000000005e+00 3.298325342999999776e+01
1.064908823999999976e+00 3.355877980000000349e+01
1.065451264000000009e+00 3.403514198999999962e+01
1.066008923000000053e+00 3.456594994999999670e+01
1.066567231000000060e+00 3.511917582000000237e+01
1.067097186999999892e+00 3.557988029999999924e+01
1.067653570999999912e+00 3.608506636999999984e+01
1.068202395999999998e+00 3.669546636999999834e+01
1.068754702999999973e+00 3.710730119000000116e+01
1.069306032999999934e+00 3.762755193999999648e+01
1.069862464999999929e+00 3.814436388000000022e+01
1.070406275000000074e+00 3.858478577000000342e+01
1.070950674999999963e+00 3.918189820999999995e+01
1.071488589999999963e+00 3.959800566999999916e+01
1.072069884000000028e+00 4.005752408000000031e+01
1.072607601999999938e+00 4.064419870999999773e+01
1.073152396000000008e+00 4.109802556999999723e+01
1.073730249000000025e+00 4.158387632000000167e+01
1.074256719000000082e+00 4.213129124000000303e+01
1.074798074000000048e+00 4.257550815999999827e+01
1.075354753999999913e+00 4.303372308000000146e+01
1.075922881000000109e+00 4.356690317999999706e+01
1.076463057000000001e+00 4.401883154000000076e+01
1.076993996999999981e+00 4.449104248999999811e+01
1.077554410999999934e+00 4.501164945000000017e+01
1.078088249000000109e+00 4.547887731000000144e+01
1.078670918000000034e+00 4.590921760999999890e+01
1.079216890000000095e+00 4.641475989999999996e+01
1.079754118000000096e+00 4.685458875999999862e+01
1.080293654000000103e+00 4.726227234000000266e+01
1.080840215000000049e+00 4.786970517000000314e+01
1.081403823999999902e+00 4.834559372999999738e+01
1.081958490999999967e+00 4.867273801000000333e+01
1.082503530000000103e+00 4.916547034999999966e+01
1.083048715000000106e+00 4.968975293999999820e+01
1.083622885000000036e+00 5.004299274000000253e+01
1.084142133000000063e+00 5.057344447999999915e+01
1.084668406999999890e+00 5.108622258999999843e+01
1.085228722999999951e+00 5.146591214000000036e+01
1.085790808000000052e+00 5.193409124000000077e+01
1.086341545000000020e+00 5.242326338000000163e+01
1.086897930999999984e+00 5.281528924999999930e+01
1.087445474999999995e+00 5.323305641999999693e+01
1.087990022999999917e+00 5.376552407999999872e+01
1.088551910999999928e+00 5.417605541999999730e+01
1.089106184999999893e+00 5.466546636999999720e+01
1.089648963999999998e+00 5.514337084999999661e+01
1.090188303999999997e+00 5.544240168999999696e+01
1.090747048000000108e+00 5.590346239000000139e+01
1.091281967000000019e+00 5.635301860999999946e+01
1.091844543999999972e+00 5.680969123999999937e+01
1.092418319999999943e+00 5.722223850999999684e+01
1.092964733999999938e+00 5.780962557000000146e+01
1.093479708999999911e+00 5.804140268999999819e+01
1.094034130999999910e+00 5.859486537000000084e+01
1.094597296000000108e+00 5.905189423000000204e+01
1.095129905000000070e+00 5.937346239000000025e+01
1.095695183999999989e+00 5.978933104000000043e+01
1.096255157000000091e+00 6.025822060000000135e+01
1.096806729000000091e+00 6.065036587000000168e+01
1.097348868999999949e+00 6.108200965000000338e+01
1.097885948999999917e+00 6.152575293999999673e+01
1.098450147000000099e+00 6.188421064999999999e+01
1.098998624000000035e+00 6.240434398000000016e+01
1.099546609999999980e+00 6.274738080000000195e+01
1.100079368000000057e+00 6.316313004999999947e+01
1.100642533000000034e+00 6.354021264000000002e+01
1.101183494999999901e+00 6.404029821000000311e+01
1.101729417999999905e+00 6.434075194000000408e+01
1.102305257000000038e+00 6.477263453000000482e+01
1.102845481999999988e+00 6.518992606999999850e+01
1.103401475999999937e+00 6.556451710999999705e+01
1.103936983999999955e+00 6.596935293999999317e+01
1.104488114000000021e+00 6.640799572000000239e+01
1.105049707999999908e+00 6.672304049999999620e+01
1.105591454999999890e+00 6.713499473000000251e+01
1.106131777999999954e+00 6.753484944999999584e+01
1.106701084000000002e+00 6.782237582000000486e+01
1.107244453000000073e+00 6.830988825999999392e+01
1.107797104999999949e+00 6.866395790999999349e+01
1.108350396999999932e+00 6.899976089999999829e+01
1.108881532999999919e+00 6.947398775999999998e+01
1.109438509000000073e+00 6.986079571999999871e+01
1.109995043000000070e+00 7.012673203999999316e+01
1.110534431999999905e+00 7.059728327999999919e+01
1.111080601000000057e+00 7.094340468000000044e+01
1.111646420000000024e+00 7.131206536999999912e+01
1.112201578000000080e+00 7.166494697000000258e+01
1.112723724000000081e+00 7.205899075000000664e+01
1.113275542000000007e+00 7.239064249000000473e+01
1.113830405000000079e+00 7.277709423000000299e+01
1.114394898000000023e+00 7.314883751000000700e+01
1.114923775000000061e+00 7.344205542000000264e+01
1.115483599000000048e+00 7.389232208999999330e+01
1.116018863000000083e+00 7.421353602000000649e+01
1.116586596999999959e+00 7.461196785999999292e+01
1.117133402999999969e+00 7.499497881000000632e+01
1.117672793000000109e+00 7.536446934999999314e+01
1.118227853000000049e+00 7.564677582000000200e+01
1.118786352000000095e+00 7.602278775999999993e+01
1.119308793000000080e+00 7.648017283999999449e+01
1.119903496999999915e+00 7.684776487999999972e+01
1.120437236999999975e+00 7.718392208999999582e+01
1.120960562999999910e+00 7.752529920000000629e+01
1.121540626000000040e+00 7.784639373000000262e+01
1.122083799000000104e+00 7.824802954999999827e+01
1.122600835999999935e+00 7.858632208999999591e+01
1.123184732999999991e+00 7.891809123999999542e+01
1.123760475000000092e+00 7.934641562000000192e+01
1.124289792999999982e+00 7.968601363000000504e+01
1.124827658999999924e+00 7.992419472999999641e+01
1.125397653999999914e+00 8.032404945000000396e+01
1.125930263999999958e+00 8.071643154000000209e+01
1.126492741999999936e+00 8.103657681999999340e+01
1.127004032000000100e+00 8.142267234000000542e+01
1.127559434999999999e+00 8.172431412999999623e+01
1.128115133999999964e+00 8.200234994999999572e+01
1.128674614999999992e+00 8.243790816000000632e+01
1.129236799000000069e+00 8.280775493000000154e+01
1.129779134999999934e+00 8.304012308000000075e+01
1.130317346000000001e+00 8.344958576999999877e+01
1.130863858000000111e+00 8.382085542000000089e+01
1.131423585000000065e+00 8.402831611999999950e+01
1.131973487000000000e+00 8.435107035000000053e+01
1.132529332999999916e+00 8.475306039999999541e+01
1.133080413999999925e+00 8.503394398000000365e+01
1.133607325000000055e+00 8.536796587000000613e+01
1.134175109000000070e+00 8.568289323000000479e+01
1.134746478999999919e+00 8.594550816000000282e+01
1.135280316000000012e+00 8.629684944999999630e+01
1.135827713000000072e+00 8.658983254000000329e+01
1.136365972999999974e+00 8.683465642000000173e+01
1.136927862000000067e+00 8.723712009999999850e+01
1.137456247000000031e+00 8.751112408000000187e+01
1.138004379999999927e+00 8.779461661999999933e+01
1.138583708000000083e+00 8.813492705999999544e+01
1.139114155999999989e+00 8.849231810999999936e+01
1.139672900999999960e+00 8.872456886000000509e+01
1.140238474000000002e+00 8.899453900000000317e+01
1.140786509000000004e+00 8.936224846000000355e+01
1.141326094999999929e+00 8.966495691999999451e+01
1.141862045000000103e+00 8.994299472999999523e+01
1.142420101999999993e+00 9.031319571999999596e+01
1.142954677000000085e+00 9.054176886000000479e+01
1.143520445999999913e+00 9.079845342999999502e+01
1.144049912000000058e+00 9.105502060000000597e+01
1.144602566000000099e+00 9.133969919999999831e+01
1.145134732999999905e+00 9.160753601999999773e+01
1.145702468000000085e+00 9.199730716000000541e+01
1.146279585000000045e+00 9.218567133999999896e+01
1.146808902999999935e+00 9.245314994999999669e+01
1.147367500999999956e+00 9.272454299000000333e+01
1.147907036999999963e+00 9.292381860999999788e+01
1.148443332000000039e+00 9.317303253999999413e+01
1.149016765000000051e+00 9.345498279000000252e+01
1.149550159999999988e+00 9.367027034999999557e+01
1.150124525999999925e+00 9.402671214000000077e+01
1.150652961999999890e+00 9.436061662000000183e+01
1.151209053000000093e+00 9.454198178999999413e+01
1.151767895999999958e+00 9.487956388000000629e+01
1.152303896000000050e+00 9.510528924999999845e+01
1.152865733999999920e+00 9.534098079999999698e+01
1.153405615000000051e+00 9.562388029999999617e+01
1.153950065000000080e+00 9.594900667000000283e+01
1.154503062000000080e+00 9.612776089999999840e+01
1.155057385000000103e+00 9.649523551999999427e+01
1.155592058000000089e+00 9.674112607000000708e+01
1.156158711000000006e+00 9.698760964999999601e+01
1.156713574999999938e+00 9.720716984999999966e+01
1.157276101999999973e+00 9.753893899999999917e+01
1.157798740000000048e+00 9.775505642000000250e+01
1.158341027000000079e+00 9.802099472999999819e+01
1.158913378999999910e+00 9.829796387999999752e+01
1.159457680999999907e+00 9.854515990000000158e+01
1.160005469999999983e+00 9.883292308000000048e+01
1.160564804000000061e+00 9.907561164000000531e+01
1.161109450999999959e+00 9.929161163999999928e+01
1.161666721000000013e+00 9.945696288999999979e+01
1.162200214999999925e+00 9.982253701000000490e+01
1.162755718000000105e+00 9.995206736000000092e+01
1.163310434000000004e+00 1.002473032000000046e+02
1.163847759000000037e+00 1.005062424999999990e+02
1.164417704000000109e+00 1.007141768000000042e+02
1.164939801999999913e+00 1.009878226000000012e+02
1.165490981000000037e+00 1.012051280999999960e+02
1.166015092999999947e+00 1.013454504000000043e+02
1.166604736000000031e+00 1.016015440000000041e+02
1.167152280999999903e+00 1.018825449999999933e+02
1.167706702000000041e+00 1.020799221000000045e+02
1.168261910000000015e+00 1.023431319999999971e+02
1.168807340999999944e+00 1.025110921999999931e+02
1.169336659999999917e+00 1.027367002000000014e+02
1.169894962000000094e+00 1.030187698999999952e+02
1.170426983000000032e+00 1.032231459999999998e+02
1.171013778000000061e+00 1.034453131000000070e+02
1.171554149000000100e+00 1.037282146000000012e+02
1.172101939000000037e+00 1.039427897999999999e+02
1.172628752999999913e+00 1.041367280999999991e+02
1.173198893999999992e+00 1.044150006999999931e+02
1.173749680000000017e+00 1.047439241000000010e+02
1.174296733000000037e+00 1.048709628999999950e+02
1.174846880000000038e+00 1.050824554000000006e+02
1.175372810000000046e+00 1.053686763000000042e+02
1.175925805999999962e+00 1.055303499999999985e+02
1.176497863999999893e+00 1.057783758000000063e+02
1.177035091999999894e+00 1.060035100999999997e+02
1.177596636000000085e+00 1.061886702999999983e+02
1.178154595000000082e+00 1.063814205999999984e+02
1.178688138000000052e+00 1.066749966999999941e+02
1.179233766000000072e+00 1.068110484999999983e+02
1.179779149000000027e+00 1.070812573999999984e+02
1.180345261999999895e+00 1.072265608999999955e+02
1.180880818999999970e+00 1.074153986999999972e+02
1.181422959999999911e+00 1.076005588999999958e+02
1.181977872000000040e+00 1.077730265999999943e+02
1.182537402999999987e+00 1.080008873000000023e+02
1.183073352999999939e+00 1.082139221000000049e+02
1.183631507999999943e+00 1.084452236000000056e+02
1.184197522999999919e+00 1.086125926999999933e+02
1.184736323000000091e+00 1.086818643999999949e+02
1.185283571999999896e+00 1.088830365000000029e+02
1.185810287000000018e+00 1.089922822999999994e+02
1.186370898999999923e+00 1.091978445000000022e+02
1.186903607000000083e+00 1.093180016999999964e+02
1.187478758999999995e+00 1.093864434999999986e+02
1.188025222000000047e+00 1.096669708000000014e+02
1.188578563000000088e+00 1.098760912000000047e+02
1.189134654999999929e+00 1.100238882999999959e+02
1.189689371000000051e+00 1.102586285999999944e+02
1.190220113999999940e+00 1.104689350000000019e+02
1.190776991999999979e+00 1.106052255999999971e+02
1.191331118999999994e+00 1.106795977000000022e+02
1.191885048999999919e+00 1.109248972000000037e+02
1.192405084000000004e+00 1.111093450000000047e+02
1.192986424999999961e+00 1.113182285999999976e+02
1.193521885000000005e+00 1.115775220999999959e+02
1.194067463999999967e+00 1.118126206000000025e+02
1.194614711999999912e+00 1.119905449999999973e+02
1.195175324000000039e+00 1.121757051999999959e+02
1.195709211000000050e+00 1.124224255999999968e+02
1.196291044000000081e+00 1.126438823000000014e+02
1.196820215000000021e+00 1.128520534000000026e+02
1.197354003999999916e+00 1.130385191000000020e+02
1.197900369000000076e+00 1.132271180999999984e+02
1.198444376999999950e+00 1.134584195999999991e+02
1.199040258999999997e+00 1.136829608999999977e+02
1.199559113999999926e+00 1.139537609000000060e+02
1.200119922000000061e+00 1.141805549000000042e+02
1.200680729999999974e+00 1.143029669000000013e+02
1.201227979000000001e+00 1.145011757999999986e+02
1.201754694999999984e+00 1.147658086999999938e+02
1.202336724000000023e+00 1.149036394999999970e+02
1.202858919999999943e+00 1.151443120999999934e+02
1.203382686999999951e+00 1.153524833000000029e+02
1.203962457000000041e+00 1.155357450000000057e+02
1.204510492000000044e+00 1.157817548999999957e+02
1.205082599000000032e+00 1.160244435000000038e+02
1.205593888999999974e+00 1.161460256000000015e+02
1.206162753000000087e+00 1.163792255999999981e+02
1.206709609000000016e+00 1.166076793000000009e+02
1.207255973999999954e+00 1.167705409999999944e+02
1.207813540000000074e+00 1.170282942000000048e+02
1.208358234000000087e+00 1.172009986999999995e+02
1.208902831000000067e+00 1.173485569000000055e+02
1.209454403000000067e+00 1.176311002000000059e+02
1.210004108999999994e+00 1.177837609000000043e+02
1.210582110000000045e+00 1.180142304999999965e+02
1.211097722999999959e+00 1.182407878000000068e+02
1.211667864000000039e+00 1.184401828000000023e+02
1.212206663999999989e+00 1.185975858000000045e+02
1.212747134000000004e+00 1.188291241000000014e+02
1.213318748999999919e+00 1.190270941999999934e+02
1.213845365999999926e+00 1.191640972000000005e+02
1.214405584999999954e+00 1.194357270999999940e+02
1.214941142000000029e+00 1.195987061999999952e+02
1.215527298000000034e+00 1.197355897999999996e+02
1.216056371000000080e+00 1.199769727999999986e+02
1.216605192000000057e+00 1.201577450000000056e+02
1.217143796000000000e+00 1.203546484999999961e+02
1.217706371000000010e+00 1.205208295999999990e+02
1.218237310999999989e+00 1.207943578999999943e+02
1.218765893000000045e+00 1.208868793000000039e+02
1.219338196999999901e+00 1.210932712999999978e+02
1.219897432000000004e+00 1.212793788000000035e+02
1.220438786000000109e+00 1.213254026999999979e+02
1.221007747999999893e+00 1.216081827999999945e+02
1.221548021999999900e+00 1.217933429999999930e+02
1.222096647000000091e+00 1.219569151000000033e+02
1.222635643000000050e+00 1.220818186000000054e+02
1.223184956000000101e+00 1.222466941999999932e+02
1.223730044000000072e+00 1.223868992000000020e+02
1.224279748999999917e+00 1.224936533999999995e+02
1.224852642000000102e+00 1.227444076999999965e+02
1.225380633999999969e+00 1.228097668999999996e+02
1.225944289999999937e+00 1.230348991999999981e+02
1.226473756999999942e+00 1.232333449999999999e+02
1.227029554000000022e+00 1.233148335000000060e+02
1.227591246000000025e+00 1.236224057000000016e+02
1.228123658999999979e+00 1.236647518999999988e+02
1.228706572999999969e+00 1.238276115999999973e+02
1.229245275000000026e+00 1.240635400000000033e+02
1.229792621999999946e+00 1.242367181000000045e+02
1.230323169000000050e+00 1.242738465000000048e+02
1.230887121000000084e+00 1.245268533999999931e+02
1.231416784000000098e+00 1.247334843000000006e+02
1.231986825999999979e+00 1.248641987000000029e+02
1.232540755999999904e+00 1.249957449999999994e+02
1.233080538000000059e+00 1.252237250999999958e+02
1.233643607000000086e+00 1.252654763000000031e+02
1.234179262999999915e+00 1.255066245999999950e+02
1.234722089999999994e+00 1.257000873000000070e+02
1.235274940000000043e+00 1.257869151000000016e+02
1.235836238000000087e+00 1.259994743000000028e+02
1.236390365000000102e+00 1.260880812999999989e+02
1.236932013999999969e+00 1.261467956999999984e+02
1.237493214999999980e+00 1.263180772999999988e+02
1.238012757999999991e+00 1.265325349999999958e+02
1.238569832000000037e+00 1.266575579000000005e+02
1.239119636000000080e+00 1.268054723000000052e+02
1.239678282000000076e+00 1.269781768000000000e+02
1.240229363000000085e+00 1.271022485000000017e+02
1.240767474999999953e+00 1.273525290999999982e+02
1.241295763000000107e+00 1.274818206000000060e+02
1.241885257999999936e+00 1.275948633999999942e+02
1.242426220000000026e+00 1.277788354999999996e+02
1.242965904000000066e+00 1.279545071999999948e+02
1.243542629000000010e+00 1.280989807999999925e+02
1.244082410999999944e+00 1.282492674000000079e+02
1.244624157999999925e+00 1.284356136000000106e+02
1.245180543999999889e+00 1.285263558999999987e+02
1.245718164999999988e+00 1.287499479999999892e+02
1.246266690999999982e+00 1.289733012000000087e+02
1.246811877999999929e+00 1.290715160999999966e+02
1.247377696000000036e+00 1.292515758000000119e+02
1.247889870000000068e+00 1.294073171000000002e+02
1.248481232999999913e+00 1.295691100999999890e+02
1.249020425999999961e+00 1.296864215999999885e+02
1.249551268000000048e+00 1.299088275999999951e+02
1.250107654000000013e+00 1.300484395000000006e+02
1.250676714999999994e+00 1.301885250999999926e+02
1.251220919000000098e+00 1.304009668999999860e+02
1.251767284000000036e+00 1.305461529000000098e+02
1.252316694999999980e+00 1.306867120999999941e+02
1.252869543999999946e+00 1.308566902000000027e+02
1.253441159000000082e+00 1.308391340000000014e+02
1.253985166000000095e+00 1.210906604000000044e+02
1.254528780000000010e+00 1.314828654000000085e+02
1.255072098999999941e+00 1.306325051999999971e+02
1.255611390000000105e+00 1.316495200999999895e+02
1.256174262000000041e+00 1.308948833000000036e+02
1.256720822999999987e+00 1.292822961999999904e+02
1.257256184000000054e+00 1.303165111000000138e+02
1.257809721000000103e+00 1.310998524000000032e+02
1.258346556000000005e+00 1.314062385000000006e+02
1.258909328999999966e+00 1.314169130999999879e+02
1.259453334999999896e+00 1.314717151000000115e+02
1.259997735000000008e+00 1.314943699000000095e+02
1.260550092999999983e+00 1.319277946999999926e+02
1.261120234999999923e+00 1.321324076999999875e+02
1.261642136000000081e+00 1.321213748000000123e+02
1.262197835000000046e+00 1.323391539000000137e+02
1.262752649000000060e+00 1.325646445000000142e+02
1.263305399999999912e+00 1.326004674000000136e+02
1.263848131000000041e+00 1.328473071999999888e+02
1.264382705000000051e+00 1.330349568999999974e+02
1.264916691000000037e+00 1.330889271000000065e+02
1.265501275000000092e+00 1.333235500000000116e+02
1.266053241000000051e+00 1.335107280999999944e+02
1.266617289999999896e+00 1.336575737999999944e+02
1.267138110000000095e+00 1.337597031999999899e+02
1.267719647999999921e+00 1.338517490000000123e+02
1.268238208999999950e+00 1.338942126000000030e+02
1.268806188999999973e+00 1.340136593999999945e+02
1.269350589000000085e+00 1.341669110999999930e+02
1.269875241000000043e+00 1.342336932000000047e+02
1.270426419999999945e+00 1.343607299999999896e+02
1.271003144000000029e+00 1.344867021999999963e+02
1.271532021000000068e+00 1.344773309999999924e+02
1.272094596999999938e+00 1.345521768000000122e+02
1.272654224999999917e+00 1.347143260999999939e+02
1.273203341999999960e+00 1.347739898000000096e+02
1.273738701999999945e+00 1.349545230999999887e+02
1.274264829000000043e+00 1.351342266000000052e+02
1.274845580000000034e+00 1.351960256000000129e+02
1.275380844000000069e+00 1.353425171000000091e+02
1.275930647000000029e+00 1.354794007000000136e+02
1.276501770999999952e+00 1.354151100999999926e+02
1.277037132000000019e+00 1.355458246000000031e+02
1.277593026999999992e+00 1.357598087000000078e+02
1.278131533000000042e+00 1.357996633999999858e+02
1.278698235000000016e+00 1.359518485000000112e+02
1.279204022999999912e+00 1.360619240999999988e+02
1.279786445999999911e+00 1.360523161000000130e+02
1.280322592000000093e+00 1.362093648999999971e+02
1.280888607999999929e+00 1.363149329999999964e+02
1.281438411000000110e+00 1.364157568999999910e+02
1.281983598000000057e+00 1.365316454999999962e+02
