1.000000000000000000e+00 0.000000000000000000e+00
1.000562122000000054e+00 -4.305800000000000144e-04
1.001144800000000057e+00 2.060635300000000086e-02
1.001674889000000013e+00 4.367316599999999938e-02
1.002220466999999893e+00 1.304043899999999916e-02
1.002790089000000107e+00 1.642357100000000139e-02
1.003349378000000014e+00 3.659934399999999893e-02
1.003897143999999964e+00 2.700354900000000169e-02
1.004490110999999963e+00 4.976280000000000286e-02
1.005017666999999948e+00 6.015824899999999698e-02
1.005581277999999967e+00 3.955189600000000305e-02
1.006130489000000017e+00 6.827776400000000467e-02
1.006702889000000045e+00 5.911255199999999876e-02
1.007215143999999896e+00 7.787356300000000675e-02
1.007803833000000093e+00 1.078296630000000061e-01
1.008373755999999899e+00 1.077681459999999952e-01
1.008915467000000010e+00 7.891926000000000496e-02
1.009462588999999966e+00 1.654659370000000074e-01
1.010019444000000099e+00 1.280669480000000138e-01
1.010589611000000110e+00 1.663271030000000039e-01
1.011146611000000028e+00 2.050793429999999973e-01
1.011656877999999926e+00 1.722937180000000124e-01
1.012241500000000016e+00 1.858262470000000000e-01
1.012800989000000040e+00 2.376804369999999944e-01
1.013378910999999993e+00 2.103078260000000033e-01
1.013916988999999935e+00 2.557033160000000138e-01
1.014477921999999976e+00 2.748948949999999725e-01
1.015029111000000039e+00 2.902112620000000254e-01
1.015598189000000096e+00 3.270566489999999771e-01
1.016142678000000021e+00 3.611340279999999958e-01
1.016691333000000030e+00 3.984715099999999732e-01
1.017250078000000002e+00 4.184012309999999846e-01
1.017831321999999927e+00 4.429443169999999763e-01
1.018387388999999921e+00 4.597984760000000115e-01
1.018918811000000035e+00 5.110375569999999756e-01
1.019489821999999934e+00 5.545261849999999493e-01
1.020047622000000098e+00 5.723645229999999584e-01
1.020593555999999902e+00 6.789639560000000351e-01
1.021176588999999968e+00 7.016616959999999459e-01
1.021697378000000045e+00 7.409060299999999932e-01
1.022246889000000047e+00 8.017409110000000005e-01
1.022821922000000106e+00 8.609764840000000419e-01
1.023362188999999978e+00 8.921013030000000121e-01
1.023929078000000104e+00 9.504142030000000130e-01
1.024505156000000028e+00 1.033147143999999962e+00
1.025068666999999989e+00 1.113850240000000102e+00
1.025594533000000030e+00 1.151126195000000019e+00
1.026138578000000079e+00 1.256495442000000073e+00
1.026715700000000009e+00 1.301214327000000059e+00
1.027281443999999988e+00 1.432049311999999963e+00
1.027827722000000055e+00 1.499219797000000076e+00
1.028392578000000057e+00 1.557225163000000023e+00
1.028936611000000001e+00 1.674835172999999955e+00
1.029502756000000074e+00 1.740283366999999970e+00
1.030012533000000063e+00 1.871425885000000067e+00
1.030612644000000078e+00 1.970397917999999970e+00
1.031141389000000075e+00 2.047041262000000028e+00
1.031714288999999951e+00 2.193746216000000082e+00
1.032296533000000016e+00 2.282691830000000088e+00
1.032814343999999940e+00 2.460029496999999843e+00
1.033378799999999931e+00 2.560108651000000179e+00
1.033935355999999972e+00 2.702138784999999821e+00
1.034505033000000074e+00 2.829529084999999888e+00
1.035045500000000063e+00 2.963439611000000085e+00
1.035611443999999937e+00 3.107807102999999849e+00
1.036188711000000096e+00 3.287728259000000097e+00
1.036709356000000026e+00 3.394081612999999997e+00
1.037289456000000110e+00 3.571480787000000046e+00
1.037831417000000034e+00 3.785110199000000009e+00
1.038396866000000029e+00 3.928493583999999927e+00
1.038947115999999893e+00 4.098080786999999781e+00
1.039512167999999903e+00 4.299961489000000192e+00
1.040058692999999979e+00 4.525339610999999707e+00
1.040621510000000027e+00 4.709505038999999726e+00
1.041134358000000093e+00 4.893239921000000159e+00
1.041751762999999942e+00 5.125445802999999856e+00
1.042293668999999978e+00 5.328741364999999952e+00
1.042816103000000050e+00 5.568267164999999963e+00
1.043402860999999904e+00 5.769409785999999762e+00
1.043952366999999937e+00 5.980886256999999873e+00
1.044510862000000095e+00 6.213768815999999973e+00
1.045080235999999996e+00 6.477714739999999694e+00
1.045629442000000076e+00 6.745289765999999965e+00
1.046196083999999971e+00 6.992811954000000441e+00
1.046741020000000022e+00 7.242118146000000145e+00
1.047324648000000025e+00 7.559948073000000157e+00
1.047841022999999927e+00 7.808762107999999813e+00
1.048396786999999941e+00 8.046873047000000057e+00
1.048959753000000106e+00 8.356152923999999871e+00
1.049531063000000097e+00 8.637752614000000051e+00
1.050069144000000065e+00 8.934853130000000476e+00
1.050617705999999929e+00 9.238719899999999541e+00
1.051180173999999967e+00 9.571743223000000356e+00
1.051732560999999899e+00 9.862077485000000365e+00
1.052287181999999932e+00 1.015967015999999923e+01
1.052866738000000080e+00 1.048992568000000070e+01
1.053411027999999972e+00 1.082134983000000084e+01
1.053938180999999918e+00 1.112312484999999995e+01
1.054508548000000046e+00 1.145055003000000049e+01
1.055072556999999911e+00 1.179569142000000070e+01
1.055632890000000046e+00 1.214476881999999947e+01
1.056164166999999932e+00 1.249815272000000022e+01
1.056734384000000082e+00 1.286230132000000026e+01
1.057312698999999911e+00 1.318400616999999997e+01
1.057856939000000107e+00 1.354427862000000005e+01
1.058422039999999953e+00 1.390584312000000011e+01
1.058957885999999959e+00 1.426796180000000014e+01
1.059525371999999965e+00 1.463801546000000009e+01
1.060069463000000045e+00 1.497854281000000043e+01
1.060631931999999944e+00 1.536065220000000053e+01
1.061193011000000075e+00 1.572572238000000056e+01
1.061747680999999943e+00 1.609282350999999878e+01
1.062300464000000000e+00 1.647062743000000040e+01
1.062844507000000105e+00 1.685655003000000107e+01
1.063417158000000029e+00 1.720864187999999828e+01
1.063952060000000088e+00 1.755329100000000153e+01
1.064514479999999930e+00 1.793915271999999916e+01
1.065076302999999891e+00 1.829997934000000015e+01
1.065636786000000003e+00 1.865465427000000176e+01
1.066193194000000011e+00 1.905491019999999835e+01
1.066742451000000091e+00 1.934739730000000080e+01
1.067308198999999957e+00 1.979261710999999835e+01
1.067858847000000111e+00 2.012576366000000050e+01
1.068413220000000052e+00 2.046973579000000143e+01
1.068959546000000094e+00 2.078387511000000032e+01
1.069525343000000017e+00 2.114820741000000126e+01
1.070091488000000091e+00 2.149949946999999995e+01
1.070631606000000069e+00 2.182711040999999952e+01
1.071203313000000046e+00 2.218824456000000112e+01
1.071749987000000015e+00 2.249832402999999914e+01
1.072296163999999941e+00 2.280754178000000110e+01
1.072885654000000022e+00 2.315852629999999834e+01
1.073436749000000079e+00 2.351006500000000088e+01
1.073982130999999951e+00 2.378514446000000149e+01
1.074515840999999972e+00 2.411293909000000113e+01
1.075099519999999975e+00 2.444362536999999946e+01
1.075637501000000107e+00 2.468542619999999843e+01
1.076183976999999903e+00 2.503413516999999899e+01
1.076741528999999975e+00 2.536580494000000030e+01
1.077301862000000110e+00 2.567041071999999957e+01
1.077864729000000077e+00 2.597753764999999859e+01
1.078414283000000085e+00 2.626424250000000171e+01
1.079002134000000002e+00 2.651859234999999870e+01
1.079533161999999935e+00 2.684318883999999983e+01
1.080083461999999939e+00 2.710756551000000059e+01
1.080646924000000064e+00 2.739839110999999860e+01
1.081204872999999900e+00 2.768466562000000053e+01
1.081733864000000045e+00 2.794898037000000102e+01
1.082288088999999953e+00 2.824239110999999980e+01
1.082889747999999930e+00 2.856261917999999866e+01
1.083413522999999934e+00 2.877655623000000062e+01
1.083986523000000091e+00 2.911062537000000106e+01
1.084561708000000069e+00 2.938638182000000043e+01
1.085091097000000060e+00 2.962898347000000143e+01
1.085638118000000096e+00 2.988480905999999848e+01
1.086220157999999936e+00 3.020116304000000085e+01
1.086780440999999930e+00 3.048036323999999908e+01
1.087302578000000075e+00 3.076706912999999943e+01
1.087881488000000063e+00 3.102024971999999892e+01
1.088449868000000098e+00 3.126974094999999920e+01
1.088986309999999902e+00 3.154500514000000067e+01
1.089549872000000086e+00 3.185809801999999991e+01
1.090133251999999997e+00 3.210469761000000233e+01
1.090664776999999974e+00 3.238242206999999695e+01
1.091202908000000082e+00 3.270062123999999670e+01
1.091770989000000025e+00 3.297434776000000056e+01
1.092334600999999905e+00 3.324758202999999668e+01
1.092855297000000059e+00 3.351583279999999831e+01
1.093408825999999889e+00 3.384049121000000326e+01
1.094004970999999937e+00 3.416521051000000142e+01
1.094544541999999954e+00 3.444391845999999902e+01
1.095087938000000038e+00 3.472096695999999838e+01
1.095669728999999926e+00 3.502963155999999856e+01
1.096217643999999991e+00 3.530477190999999948e+01
1.096762779000000076e+00 3.558981629000000169e+01
1.097297581999999938e+00 3.589651288000000307e+01
1.097894622000000098e+00 3.624103920000000301e+01
1.098418893999999923e+00 3.650289369000000050e+01
1.098982058999999900e+00 3.679045922000000246e+01
1.099577409999999977e+00 3.716248088999999766e+01
1.100102675999999891e+00 3.742347469999999987e+01
1.100656552000000010e+00 3.772075953000000226e+01
1.101215395999999958e+00 3.805513621000000057e+01
1.101783823999999967e+00 3.835482042000000291e+01
1.102309886000000017e+00 3.864607738000000126e+01
1.102892173000000087e+00 3.899029512999999980e+01
1.103445800999999893e+00 3.933113105000000331e+01
1.104001763000000080e+00 3.961045406000000213e+01
1.104542278999999905e+00 3.990767799999999710e+01
1.105113489999999921e+00 4.022679978000000034e+01
1.105673128000000061e+00 4.054493702999999982e+01
1.106189105999999978e+00 4.086252113999999835e+01
1.106765033999999925e+00 4.116275850000000247e+01
1.107321592999999993e+00 4.150002578000000142e+01
1.107876512000000035e+00 4.179811040999999960e+01
1.108435456000000041e+00 4.210960473000000093e+01
1.108981235999999981e+00 4.244219812000000047e+01
1.109553787999999930e+00 4.277485241000000116e+01
1.110089981000000003e+00 4.305245303000000234e+01
1.110653641999999941e+00 4.341088129999999978e+01
1.111222766999999889e+00 4.371185653999999943e+01
1.111775103000000042e+00 4.403682144999999792e+01
1.112344377999999967e+00 4.435618987000000146e+01
1.112884197000000075e+00 4.469979254999999796e+01
1.113442940999999964e+00 4.499061918000000304e+01
1.113983157999999918e+00 4.531257066999999950e+01
1.114573789999999898e+00 4.565094529000000279e+01
1.115105215999999899e+00 4.594841483999999809e+01
1.115667981999999947e+00 4.626618367999999748e+01
1.116225237000000092e+00 4.658936427999999808e+01
1.116784030000000039e+00 4.692072754000000145e+01
1.117326929000000080e+00 4.722631679999999932e+01
1.117897394000000100e+00 4.754839007999999723e+01
1.118423307000000033e+00 4.788984106000000196e+01
1.119000926000000007e+00 4.822735396000000208e+01
1.119576209999999961e+00 4.854383073999999709e+01
1.120098148000000071e+00 4.885440246000000286e+01
1.120644573000000088e+00 4.919886686000000253e+01
1.121227705999999991e+00 4.953878017000000256e+01
1.121789925999999937e+00 4.984283073999999658e+01
1.122319612000000078e+00 5.015666251999999758e+01
1.122888190999999924e+00 5.051053868000000335e+01
1.123460941999999907e+00 5.081145303000000268e+01
1.124001408000000035e+00 5.112128583999999876e+01
1.124552103999999941e+00 5.147270173999999798e+01
1.125132207000000051e+00 5.179495973000000220e+01
1.125658714000000060e+00 5.209888853000000353e+01
1.126216514000000002e+00 5.243098863000000165e+01
1.126780373999999973e+00 5.277434569999999781e+01
1.127360675999999895e+00 5.305600720999999709e+01
1.127879980999999976e+00 5.328163156000000100e+01
1.128449354000000016e+00 5.341855623000000008e+01
1.129005516000000098e+00 5.358365323000000302e+01
1.129563416000000098e+00 5.384944373999999812e+01
1.130087886999999958e+00 5.413639523999999881e+01
1.130664362000000089e+00 5.440759957000000213e+01
1.131223156999999979e+00 5.473219605999999970e+01
1.131769631000000054e+00 5.503009595999999704e+01
1.132337316999999954e+00 5.530818986999999964e+01
1.132906988000000004e+00 5.562362020999999856e+01
1.133427385999999926e+00 5.592238181999999824e+01
1.133978181999999890e+00 5.620305881000000170e+01
1.134557738000000038e+00 5.655201339999999988e+01
1.135116580999999902e+00 5.680107325000000174e+01
1.135656251999999977e+00 5.711152217000000064e+01
1.136213802999999967e+00 5.746607429000000167e+01
1.136806173999999947e+00 5.777633847999999972e+01
1.137348776000000061e+00 5.801524868999999995e+01
1.137881790000000004e+00 5.835694528999999875e+01
1.138467654000000051e+00 5.867865014000000201e+01
1.139001611999999941e+00 5.897292155000000236e+01
1.139531945000000102e+00 5.925821153999999780e+01
1.140106732000000012e+00 5.959474095000000204e+01
1.140686636000000087e+00 5.989848502000000252e+01
1.141224318999999987e+00 6.015271205999999893e+01
1.141767914000000106e+00 6.049237871999999783e+01
1.142351442999999911e+00 6.079827551999999713e+01
1.142885302000000047e+00 6.106049947000000344e+01
1.143411562000000048e+00 6.134591225999999864e+01
1.144021316999999982e+00 6.167161607999999973e+01
1.144579961999999895e+00 6.196963878999999764e+01
1.145103836999999958e+00 6.224090504000000124e+01
1.145657911999999889e+00 6.257921773000000343e+01
1.146252964999999957e+00 6.288511453000000273e+01
1.146769737000000067e+00 6.314752320000000196e+01
1.147314970999999906e+00 6.348460576000000088e+01
1.147897457000000010e+00 6.376380596999999995e+01
1.148476615000000089e+00 6.406435188999999752e+01
1.148991797999999953e+00 6.429465116999999452e+01
1.149565691999999917e+00 6.465277088000000560e+01
1.150123690999999893e+00 6.492680389999999591e+01
1.150662913999999981e+00 6.520022289000000626e+01
1.151205911999999998e+00 6.549375539999999773e+01
1.151782687000000083e+00 6.580691122999999720e+01
1.152340785000000034e+00 6.604711349999999470e+01
1.152883088000000056e+00 6.639262331000000472e+01
1.153463240000000001e+00 6.667520740999999873e+01
1.154010409999999931e+00 6.693589265999999327e+01
1.154544070000000033e+00 6.724627965000000529e+01
1.155111506999999982e+00 6.751570069999999646e+01
1.155662551999999899e+00 6.776949740000000588e+01
1.156237240000000055e+00 6.809495456999999874e+01
1.156787886999999904e+00 6.836105261000000155e+01
1.157346879999999967e+00 6.868183589999999583e+01
1.157901897999999985e+00 6.892874301999999886e+01
1.158459300999999941e+00 6.918709079999999290e+01
1.158981537000000062e+00 6.943541277999999295e+01
1.159574007000000018e+00 6.975059751000000574e+01
1.160113728000000011e+00 7.005348089000000300e+01
1.160657022999999954e+00 7.033711040999999398e+01
1.161214525999999969e+00 7.057940349000000424e+01
1.161744907999999965e+00 7.086604744999999639e+01
1.162349199999999971e+00 7.117477397999999766e+01
1.162899152000000047e+00 7.145360576000000208e+01
1.163440063999999996e+00 7.169442309999999452e+01
1.163999752000000054e+00 7.195504744999999502e+01
1.164569771000000031e+00 7.224753454999999747e+01
1.165111577000000009e+00 7.249560988999999722e+01
1.165670868000000082e+00 7.278495972999999708e+01
1.166220918999999911e+00 7.307363363000000334e+01
1.166780705999999945e+00 7.332011040999999807e+01
1.167337612000000080e+00 7.361425798000000498e+01
1.167887365999999982e+00 7.389671927999999923e+01
1.168451423999999905e+00 7.415414445999999771e+01
1.168997998999999899e+00 7.443051597999999558e+01
1.169556792000000067e+00 7.473001546000000417e+01
1.170126116000000049e+00 7.495613208000000327e+01
1.170670206999999907e+00 7.521404952000000321e+01
1.171209629000000030e+00 7.550672133999999858e+01
1.171782330000000094e+00 7.575510420999999894e+01
1.172348772999999955e+00 7.603436634000000538e+01
1.172888393999999890e+00 7.631313724000000320e+01
1.173453743999999910e+00 7.653882247999999322e+01
1.174014325999999997e+00 7.682318986999999311e+01
1.174546298000000100e+00 7.709316407000000027e+01
1.175129131000000049e+00 7.737298036999999340e+01
1.175671533000000046e+00 7.759128481000000477e+01
1.176213737999999953e+00 7.785916717000000631e+01
1.176778789000000103e+00 7.811351700999999537e+01
1.177331026999999919e+00 7.841498450000000275e+01
1.177883263000000014e+00 7.865051287999999374e+01
1.178433811999999969e+00 7.886820122000000310e+01
1.178993200999999935e+00 7.915828996999999845e+01
1.179556663999999921e+00 7.944905468000000326e+01
1.180096980000000073e+00 7.964613724000000161e+01
1.180662330000000093e+00 7.992349326999999448e+01
1.181245660999999947e+00 8.018104126000000065e+01
1.181777037000000030e+00 8.042881010000000686e+01
1.182347849999999978e+00 8.065431060999999602e+01
1.182879623000000047e+00 8.092354693999999427e+01
1.183458482999999895e+00 8.120157892999999660e+01
1.183999693000000075e+00 8.141403920000000483e+01
1.184541301000000102e+00 8.169244064000000094e+01
1.185141918000000016e+00 8.192501545999999735e+01
1.185675875999999906e+00 8.215789782000000230e+01
1.186209636000000067e+00 8.243359234999999785e+01
1.186780249999999981e+00 8.269224868999999956e+01
1.187344308999999987e+00 8.291166045999999312e+01
1.187877373000000070e+00 8.316637975999999810e+01
1.188441631000000109e+00 8.341728480999999817e+01
1.189024563999999895e+00 8.369482453999999905e+01
1.189558423000000031e+00 8.390857687000000453e+01
1.190120593999999921e+00 8.411654796999999917e+01
1.190676607000000109e+00 8.440017749000000435e+01
1.191233412999999963e+00 8.465028275000000235e+01
1.191775119999999966e+00 8.481470276999999669e+01
1.192337589000000087e+00 8.512638182000000597e+01
1.192916051999999949e+00 8.537894837999999709e+01
1.193422294000000106e+00 8.557437047000000518e+01
1.194002347000000075e+00 8.587934364000000187e+01
1.194570876000000004e+00 8.608159338000000105e+01
1.195104436999999908e+00 8.629983692999999789e+01
1.195665317000000005e+00 8.655959957000000315e+01
1.196261263000000019e+00 8.682902061999999432e+01
1.196807241999999993e+00 8.707900308000000678e+01
1.197332260000000037e+00 8.725338800999999478e+01
1.197902478000000048e+00 8.753917026000000590e+01
1.198439516000000093e+00 8.773760679000000096e+01
1.199009932000000056e+00 8.794871412000000532e+01
1.199548062000000082e+00 8.820933847999999955e+01
1.200096921999999955e+00 8.843379357999999968e+01
1.200679953999999938e+00 8.869337253000000487e+01
1.201220369999999926e+00 8.889980493999999567e+01
1.201816318000000106e+00 8.915341691000000424e+01
1.202326235999999993e+00 8.936938388000000089e+01
1.202889002000000040e+00 8.960306602999999370e+01
1.203410741999999978e+00 8.985907634999999516e+01
1.203995562000000019e+00 9.006231060999999727e+01
1.204572734000000089e+00 9.029359440999999720e+01
1.205125666999999900e+00 9.053447262999999623e+01
1.205673929999999894e+00 9.073333950999999331e+01
1.206225869000000062e+00 9.093638903999999457e+01
1.206762609000000097e+00 9.113113414000000034e+01
1.207326568999999905e+00 9.139760266999999772e+01
1.207868772000000090e+00 9.158349017999999830e+01
1.208448328000000016e+00 9.181729513000000509e+01
1.209020930000000105e+00 9.205786686000000429e+01
1.209585386000000096e+00 9.230981835000000046e+01
1.210117158999999942e+00 9.248555623000000026e+01
1.210670090999999893e+00 9.271314859000000297e+01
1.211212890999999958e+00 9.293643548000000010e+01
1.211770194000000078e+00 9.316630442000000301e+01
1.212343093999999954e+00 9.337384414999999649e+01
1.212902087000000018e+00 9.358562847000000318e+01
1.213447766999999899e+00 9.379532093000000259e+01
1.214021162999999959e+00 9.400421359999999993e+01
1.214553532000000047e+00 9.426526830000000245e+01
1.215106463999999997e+00 9.443325695000000053e+01
1.215647872999999990e+00 9.465199173000000599e+01
1.216244416999999967e+00 9.489723734000000377e+01
1.216811555999999905e+00 9.509751907000000415e+01
1.217358329000000072e+00 9.532664911000000529e+01
1.217900532000000036e+00 9.553092877999999644e+01
1.218455848999999924e+00 9.571447985999999730e+01
1.218987620999999910e+00 9.591420741000000305e+01
1.219547508000000002e+00 9.611012175999999840e+01
1.220120805999999947e+00 9.634995456999999419e+01
1.220668969000000104e+00 9.650754693999999745e+01
1.221208590000000038e+00 9.671551804000000629e+01
1.221780198999999900e+00 9.691241587999999751e+01
1.222357568999999922e+00 9.707628275000000428e+01
1.222853976999999981e+00 9.728720534999999359e+01
1.223443566000000038e+00 9.747383177000000387e+01
1.224020439000000016e+00 9.768561608000000263e+01
1.224533038999999990e+00 9.784265426999999704e+01
1.225087462000000071e+00 9.804921050999999466e+01
1.225653010999999903e+00 9.819911349999999572e+01
1.226224420000000093e+00 9.837030029000000297e+01
1.226778842999999952e+00 9.854603817000000276e+01
1.227343298999999943e+00 9.871876262000000679e+01
1.227898217999999986e+00 9.889739213999999379e+01
1.228428102999999938e+00 9.901641691000000378e+01
1.228971996000000066e+00 9.916527449000000161e+01
1.229559201000000046e+00 9.939815685000000656e+01
1.230126736999999970e+00 9.947609285999999429e+01
1.230642913000000060e+00 9.963577603999999610e+01
1.231212237000000043e+00 9.977337769000000378e+01
1.231798249999999983e+00 9.990636530999999820e+01
1.232312041999999996e+00 1.000548545000000047e+02
1.232876199999999978e+00 9.990673476000000619e+01
1.233446617000000023e+00 1.000890547000000055e+02
1.234008390000000066e+00 1.003219370000000055e+02
1.234561223000000041e+00 1.004490195999999997e+02
1.235105413000000096e+00 1.006315242000000012e+02
1.235671259999999938e+00 1.008033261000000067e+02
1.236200648999999929e+00 1.009661464999999936e+02
1.236769376999999892e+00 1.011609535000000051e+02
1.237369793999999912e+00 1.013486872999999946e+02
1.237889843999999906e+00 1.015223342999999971e+02
1.238477249000000002e+00 1.017996274000000057e+02
1.239010909000000105e+00 1.019606036999999930e+02
1.239582020999999923e+00 1.022139080999999976e+02
1.240099488000000028e+00 1.024590929000000017e+02
1.240668117000000015e+00 1.026804106999999959e+02
1.241248168999999901e+00 1.029239969000000059e+02
1.241803486000000012e+00 1.031093920999999938e+02
1.242356518000000021e+00 1.033423384999999968e+02
1.242896237999999931e+00 1.035816779999999966e+02
1.243455031000000099e+00 1.037608007999999984e+02
1.243994751000000010e+00 1.039570236999999935e+02
1.244571426999999897e+00 1.042191186999999957e+02
1.245129723000000022e+00 1.044055582999999956e+02
1.245682257999999987e+00 1.046107078999999942e+02
1.246220488000000071e+00 1.048466624999999937e+02
1.246805906000000075e+00 1.050179112000000003e+02
1.247338373000000056e+00 1.052122868999999952e+02
1.247890412000000060e+00 1.054308936999999986e+02
1.248455662000000022e+00 1.055963631999999990e+02
1.249024091999999975e+00 1.057454654000000005e+02
1.249541956999999925e+00 1.058592012000000011e+02
1.250116943000000092e+00 1.060566522000000020e+02
1.250673651000000053e+00 1.063039897000000025e+02
1.251205721000000048e+00 1.064471888000000064e+02
1.251776237999999930e+00 1.066036181000000056e+02
1.252350328999999984e+00 1.068145985000000024e+02
1.252900480000000094e+00 1.070110071999999946e+02
1.253444371999999918e+00 1.071877254999999991e+02
1.254016875999999892e+00 1.073640206000000035e+02
1.254562753999999947e+00 1.075078905999999961e+02
1.255113600999999912e+00 1.076609969000000007e+02
1.255669512999999959e+00 1.078614613000000020e+02
1.256230592000000090e+00 1.080039277000000055e+02
1.256763458000000000e+00 1.081893766999999968e+02
1.257326224000000048e+00 1.083295004999999946e+02
1.257895747000000064e+00 1.085007492000000013e+02
1.258460898999999911e+00 1.086468380000000025e+02
1.259010551999999894e+00 1.087961259000000069e+02
1.259577093999999953e+00 1.089566109000000012e+02
1.260130522000000086e+00 1.090882517999999948e+02
1.260681866999999956e+00 1.092702022999999940e+02
1.261210166999999993e+00 1.094029369999999943e+02
1.261771344000000017e+00 1.095540721999999931e+02
1.262332121999999890e+00 1.096860123999999956e+02
1.262891911000000089e+00 1.097620495000000034e+02
1.263462421999999918e+00 1.098444128000000006e+02
1.264006122000000065e+00 1.100063116000000036e+02
1.264560444000000006e+00 1.101691289999999981e+02
1.265117043999999913e+00 1.103198926999999969e+02
1.265667400000000109e+00 1.104338761000000062e+02
1.266235232999999960e+00 1.105798410999999959e+02
1.266810221999999930e+00 1.107250733000000054e+02
1.267339210999999910e+00 1.108810588000000052e+02
1.267945888999999937e+00 1.047550733000000065e+02
1.268468622000000101e+00 1.047112754999999993e+02
1.269003667000000002e+00 1.067332775999999939e+02
1.269583122000000008e+00 1.059675809999999956e+02
1.270099400000000101e+00 1.050995934000000034e+02
1.270657399999999937e+00 1.053003054999999932e+02
1.271219966999999951e+00 1.059130815000000041e+02
1.271780944000000080e+00 1.060407182000000006e+02
1.272359411000000051e+00 1.061417811999999969e+02
1.272889989000000055e+00 1.064356923999999935e+02
1.273452366999999974e+00 1.066862909999999971e+02
1.273983633000000060e+00 1.068321940000000012e+02
1.274575310999999989e+00 1.070377668000000000e+02
1.275143444000000015e+00 1.072020598000000007e+02
1.275667566999999947e+00 1.071623282000000046e+02
1.276240666999999940e+00 1.072947532999999964e+02
1.276786744000000029e+00 1.073660536000000008e+02
1.277354778000000080e+00 1.075816470000000038e+02
1.277901155999999983e+00 1.077890670999999969e+02
1.278471166999999964e+00 1.079277151999999944e+02
1.279003832999999979e+00 1.081255891999999932e+02
1.279575056000000099e+00 1.083518327999999968e+02
1.280140999999999973e+00 1.084549906999999962e+02
1.280669988999999953e+00 1.083660433000000012e+02
1.281250232999999961e+00 1.085882826999999935e+02
1.281798599999999899e+00 1.087768173000000047e+02
1.282362956000000054e+00 1.088597378999999989e+02
1.282906756000000037e+00 1.090184995000000043e+02
1.283451343999999938e+00 1.091759607999999986e+02
1.284034767000000077e+00 1.092373539999999963e+02
1.284567232999999975e+00 1.093543509000000000e+02
1.285122456000000080e+00 1.094857956000000030e+02
1.285694267000000002e+00 1.096433291999999966e+02
1.286219777999999980e+00 1.097541135000000025e+02
1.286771421999999943e+00 1.099379112000000021e+02
1.287376800000000099e+00 1.100803674000000001e+02
1.287905099999999914e+00 1.101843817999999970e+02
1.288443232999999966e+00 1.103499132999999972e+02
1.289013744000000017e+00 1.104934221000000036e+02
1.289576711000000042e+00 1.106546397999999982e+02
1.290116033000000106e+00 1.107366315999999955e+02
1.290663799999999917e+00 1.108668586000000005e+02
1.291257067000000092e+00 1.110660330000000044e+02
1.291807410999999961e+00 1.111165902999999986e+02
1.292335210999999928e+00 1.112392425000000031e+02
1.292887443999999997e+00 1.113888400000000019e+02
1.293461943999999919e+00 1.114833808000000062e+02
1.294014578000000082e+00 1.115788502999999992e+02
1.294538799999999990e+00 1.116425138999999973e+02
1.295137422000000038e+00 1.117265387000000061e+02
1.295682911000000104e+00 1.116145882000000000e+02
1.296236433000000021e+00 1.117828853999999978e+02
1.296790955999999939e+00 1.118637109999999950e+02
1.297378855999999914e+00 1.119466831999999954e+02
1.297900199999999948e+00 1.120659607999999992e+02
1.298453032999999923e+00 1.121804293000000001e+02
1.299028121999999952e+00 1.122593559999999968e+02
1.299567044000000005e+00 1.122781691999999936e+02
1.300111333000000036e+00 1.123838451999999961e+02
1.300687111000000007e+00 1.124459813999999938e+02
1.301257032999999952e+00 1.125149288000000070e+02
1.301767056000000089e+00 1.125432878999999957e+02
1.302331110999999986e+00 1.124516986000000003e+02
