1.000000000000000000e+00 0.000000000000000000e+00
1.000555456000000065e+00 1.686725000000000030e-02
1.001122300000000021e+00 -1.707809100000000010e-02
1.001710356000000024e+00 -7.959234000000000794e-03
1.002239644000000096e+00 1.728893100000000044e-02
1.002784821999999965e+00 4.880960699999999791e-02
1.003323799999999988e+00 1.048932099999999937e-02
1.003911556000000038e+00 3.115170100000000039e-02
1.004438555999999982e+00 5.466043000000000290e-02
1.005007333000000003e+00 7.437403099999999323e-02
1.005576311000000000e+00 8.433625200000000044e-02
1.006107289000000016e+00 1.106913280000000055e-01
1.006669700000000001e+00 1.221821399999999946e-01
1.007253433000000031e+00 1.627162490000000072e-01
1.007811377999999980e+00 2.038301770000000013e-01
1.008339477999999900e+00 2.042518520000000115e-01
1.008900710999999895e+00 2.445224119999999945e-01
1.009489400000000092e+00 2.975488359999999832e-01
1.010028421999999981e+00 3.496791779999999794e-01
1.010565866999999951e+00 3.862600230000000079e-01
1.011119644000000095e+00 4.521477219999999742e-01
1.011692288999999967e+00 5.384342450000000335e-01
1.012237177999999904e+00 6.335760820000000404e-01
1.012804510999999907e+00 6.913464129999999930e-01
1.013358344000000022e+00 8.302376940000000261e-01
1.013909978000000045e+00 9.522089529999999691e-01
1.014459833000000089e+00 1.046296590000000082e+00
1.015029555999999999e+00 1.182077983999999971e+00
1.015580399999999939e+00 1.374417301000000036e+00
1.016116599999999925e+00 1.522427471000000088e+00
1.016686710999999965e+00 1.746445599999999931e+00
1.017251810999999950e+00 1.932407042999999991e+00
1.017818555999999930e+00 2.117472395000000063e+00
1.018347399999999903e+00 2.345812773000000018e+00
1.018925666999999979e+00 2.642623704000000018e+00
1.019476456000000031e+00 2.886355485999999804e+00
1.020020799999999950e+00 3.166668097000000071e+00
1.020593255999999949e+00 3.469066221999999922e+00
1.021159944000000097e+00 3.764559323999999929e+00
1.021687000000000012e+00 4.112393689000000130e+00
1.022234867000000103e+00 4.451741672999999899e+00
1.022821866999999996e+00 4.807746094999999720e+00
1.023367844000000026e+00 5.148359111999999627e+00
1.023914321999999988e+00 5.548218326999999839e+00
1.024486722000000016e+00 5.924779699000000122e+00
1.025050044000000105e+00 6.381091514000000409e+00
1.025578032999999945e+00 6.784324180999999676e+00
1.026131611000000055e+00 7.199153152000000055e+00
1.026697956000000023e+00 7.652829486999999986e+00
1.027263311000000012e+00 8.111249721000000079e+00
1.027828167000000015e+00 8.547478938999999443e+00
1.028378011000000036e+00 9.039053752999999247e+00
1.028917732999999890e+00 9.524250958999999739e+00
1.029490489000000064e+00 1.000971168999999961e+01
1.030026533000000022e+00 1.048341792000000083e+01
1.030615677999999980e+00 1.101173149999999978e+01
1.031166722000000036e+00 1.150467721000000054e+01
1.031689000000000078e+00 1.205491774000000049e+01
1.032264488999999896e+00 1.257026527999999921e+01
1.032822043999999995e+00 1.307833832999999935e+01
1.033375066999999925e+00 1.360854969000000025e+01
1.033935655999999925e+00 1.417128403000000070e+01
1.034499067000000050e+00 1.470592234000000076e+01
1.035027010999999941e+00 1.525073485999999967e+01
1.035605477999999913e+00 1.584404048999999937e+01
1.036151110999999903e+00 1.636291916000000057e+01
1.036700956000000007e+00 1.691105234000000124e+01
1.037268544000000015e+00 1.748427484000000121e+01
1.037817400000000001e+00 1.802502828000000079e+01
1.038382256000000003e+00 1.860721257999999878e+01
1.038943889000000009e+00 1.918301819999999935e+01
1.039478589000000008e+00 1.975734788000000108e+01
1.040065688999999960e+00 2.034575166999999851e+01
1.040587777999999908e+00 2.094364253999999903e+01
1.041171110999999927e+00 2.149109036000000117e+01
1.041727921999999973e+00 2.208587192999999971e+01
1.042289100000000079e+00 2.264892199000000161e+01
1.042843422000000020e+00 2.326125572999999847e+01
1.043383533000000085e+00 2.384618057000000135e+01
1.043955489000000014e+00 2.444670673999999977e+01
1.044487267000000053e+00 2.504022372000000018e+01
1.045060666999999999e+00 2.560385301000000169e+01
1.045606288999999967e+00 2.621107445000000169e+01
1.046154411000000062e+00 2.679736911000000177e+01
1.046728600000000009e+00 2.743163068999999865e+01
1.047266921999999933e+00 2.799172885000000122e+01
1.047830832999999906e+00 2.859984522999999967e+01
1.048368321999999964e+00 2.921639633999999930e+01
1.048946788999999935e+00 2.983210380999999956e+01
1.049495888999999904e+00 3.041676511000000005e+01
1.050052200000000102e+00 3.103953483000000091e+01
1.050623810999999908e+00 3.165740359000000126e+01
1.051182856000000054e+00 3.223326227999999816e+01
1.051721233000000089e+00 3.282303588999999988e+01
1.052291099999999924e+00 3.342888660999999928e+01
1.052850743999999894e+00 3.403589670000000211e+01
1.053388677999999912e+00 3.464432965999999681e+01
1.053936733000000014e+00 3.525924653999999947e+01
1.054505311000000001e+00 3.585360628000000105e+01
1.055056656000000093e+00 3.649292799999999914e+01
1.055609143999999944e+00 3.707126369000000210e+01
1.056186067999999922e+00 3.767843206999999950e+01
1.056719678000000107e+00 3.827953836999999737e+01
1.057266451000000052e+00 3.890747522000000203e+01
1.057840791999999919e+00 3.950953041000000354e+01
1.058393673999999951e+00 4.012460468999999819e+01
1.058946259000000056e+00 4.072529004999999813e+01
1.059511708999999913e+00 4.133757073000000304e+01
1.060072638000000067e+00 4.196039439999999843e+01
1.060600337999999976e+00 4.258922619999999881e+01
1.061193701999999961e+00 4.316888042000000070e+01
1.061738290000000084e+00 4.375570213999999680e+01
1.062284417999999953e+00 4.437488856000000226e+01
1.062829800000000047e+00 4.492766005000000007e+01
1.063403891999999962e+00 4.551174122999999838e+01
1.063967850999999909e+00 4.611342764999999844e+01
1.064492073999999899e+00 4.664827730999999744e+01
1.065074311999999912e+00 4.719699061000000029e+01
1.065639959999999942e+00 4.776135831999999937e+01
1.066167013999999913e+00 4.828714183000000304e+01
1.066734301999999968e+00 4.877629198999999716e+01
1.067298658999999983e+00 4.931530596000000344e+01
1.067863312999999925e+00 4.981447115999999653e+01
1.068406211999999966e+00 5.033097804999999880e+01
1.068972307999999982e+00 5.086719843000000196e+01
1.069532839000000068e+00 5.129931640000000215e+01
1.070080904000000110e+00 5.176295453000000180e+01
1.070602295999999898e+00 5.214057037999999977e+01
1.071180012999999986e+00 5.257384770000000174e+01
1.071755000000000013e+00 5.290824105000000088e+01
1.072310168000000008e+00 5.328359035999999804e+01
1.072851626000000058e+00 5.363738060000000019e+01
1.073413796999999947e+00 5.402169082000000344e+01
1.073947407999999992e+00 5.442154932999999772e+01
1.074540921000000093e+00 5.480327642999999682e+01
1.075100162000000026e+00 5.523233727000000215e+01
1.075608192000000018e+00 5.561627784000000219e+01
1.076177863000000068e+00 5.599816323000000295e+01
1.076766509000000038e+00 5.641583832999999970e+01
1.077296245999999957e+00 5.683419878000000125e+01
1.077859410000000073e+00 5.720369737000000043e+01
1.078424064000000016e+00 5.762311194000000114e+01
1.078978387999999899e+00 5.774218427999999648e+01
1.079535045999999943e+00 5.822216305999999975e+01
1.080071586999999944e+00 5.868105763999999880e+01
1.080642947000000076e+00 5.889658913000000240e+01
1.081204671000000062e+00 5.935933142999999745e+01
1.081735947000000087e+00 5.971212060999999949e+01
1.082317439999999964e+00 6.004957109000000059e+01
1.082865554000000063e+00 6.000255392999999771e+01
1.083442379000000066e+00 6.056818623000000201e+01
1.083995609000000027e+00 6.111990358999999984e+01
1.084524798999999984e+00 6.131319152999999744e+01
1.085064269999999942e+00 6.159635036000000241e+01
1.085635630999999934e+00 6.210716482000000127e+01
1.086189953999999958e+00 6.260849131999999884e+01
1.086756099000000031e+00 6.274211177000000106e+01
1.087322740000000065e+00 6.315029889000000196e+01
1.087870059999999972e+00 6.357240182999999689e+01
1.088413207999999965e+00 6.403398477999999727e+01
1.088973689999999994e+00 6.425151925999999492e+01
1.089534967000000076e+00 6.453552173999999297e+01
1.090069670000000102e+00 6.491461352999999690e+01
1.090655187000000081e+00 6.533545098999999823e+01
1.091205932999999906e+00 6.552742127999999866e+01
1.091771631000000076e+00 6.569077024000000620e+01
1.092313387999999996e+00 6.622208876999999916e+01
1.092882214000000074e+00 6.666633002000000374e+01
1.093430230000000059e+00 6.640204101999999864e+01
1.093977003000000003e+00 6.717561548000000471e+01
1.094529985999999955e+00 6.768073662999999840e+01
1.095104177000000067e+00 6.793690836999999760e+01
1.095662176000000043e+00 6.832195611999999585e+01
1.096186099999999941e+00 6.813599485999999672e+01
1.096758603000000054e+00 6.868539262999999551e+01
1.097332248000000066e+00 6.921876634999999567e+01
1.097872613000000053e+00 6.951141314000000193e+01
1.098443923999999905e+00 6.983510610999999813e+01
1.098993678000000029e+00 6.981713209999999492e+01
1.099565584000000040e+00 7.011441720999999916e+01
1.100113699000000000e+00 7.070187210999999650e+01
1.100644527999999900e+00 7.104332859999999528e+01
1.101195077000000078e+00 7.131178103000000590e+01
1.101761768000000030e+00 7.120514855000000409e+01
1.102323590999999992e+00 7.178163953000000674e+01
1.102875878000000087e+00 7.224807214999999871e+01
1.103427171000000095e+00 7.245111158999999645e+01
1.103970120000000055e+00 7.286293596000000150e+01
1.104557870999999913e+00 7.326553588999999533e+01
1.105119098999999938e+00 7.302074989999999843e+01
1.105682660000000039e+00 7.377129021999999736e+01
1.106230773999999917e+00 7.410758045999999410e+01
1.106775958999999920e+00 7.444508399999999426e+01
1.107313492999999927e+00 7.485242836000000466e+01
1.107885200999999986e+00 7.455624953999999605e+01
1.108461479000000027e+00 7.519177571999999543e+01
1.108958332999999907e+00 7.568398301000000572e+01
1.109524726999999933e+00 7.601869295000000193e+01
1.110119878999999976e+00 7.640858948000000339e+01
1.110665857999999950e+00 7.622832153000000233e+01
1.111214815999999939e+00 7.653714979000000085e+01
1.111771821000000049e+00 7.705254951000000574e+01
1.112312038000000003e+00 7.754813050999999291e+01
1.112842917000000043e+00 7.790413510999999858e+01
1.113428730999999949e+00 7.823557657000000631e+01
1.114010173999999909e+00 7.808229570999999680e+01
1.114524661999999999e+00 7.838780330999999535e+01
1.115095525999999948e+00 7.898601076999999293e+01
1.115691621999999938e+00 7.943752652000000580e+01
1.116189171000000036e+00 7.968858505999999409e+01
1.116771509000000107e+00 8.002640429999999583e+01
1.117323249000000018e+00 7.971172443000000385e+01
1.117876081999999993e+00 8.046511053000000402e+01
1.118434876000000022e+00 8.079681551000000184e+01
1.118999728999999999e+00 8.112962767999999869e+01
1.119544764000000026e+00 8.155605321999999546e+01
1.120105941999999910e+00 8.200387865999999804e+01
1.120650082000000047e+00 8.224718869999999526e+01
1.121234258000000095e+00 8.234507161999999880e+01
1.121755998000000032e+00 8.266096301999999696e+01
1.122314741000000060e+00 8.330334186999999702e+01
1.122853467999999966e+00 8.371274141000000668e+01
1.123438785999999912e+00 8.310156702000000450e+01
1.124010442999999970e+00 8.405340730999999721e+01
1.124553541000000045e+00 8.470522106999999323e+01
1.125090281000000081e+00 8.529626016000000277e+01
1.125645996000000038e+00 8.568826581999999803e+01
1.126194805999999993e+00 8.608796691000000578e+01
1.126786928000000021e+00 8.639078704000000641e+01
1.127342293000000106e+00 8.670604615000000592e+01
1.127882510999999921e+00 8.701250263999999390e+01
1.128424118000000087e+00 8.745010256999999854e+01
1.128982761999999918e+00 8.800055446000000359e+01
1.129554817999999905e+00 8.826394763000000410e+01
1.130141129000000078e+00 8.827981339000000105e+01
1.130654872000000033e+00 8.879115491999999676e+01
1.131209343999999950e+00 8.941007958000000144e+01
1.131773104000000085e+00 8.984772549000000197e+01
1.132328173000000104e+00 8.977077112000000625e+01
1.132885625999999979e+00 9.007828791999999396e+01
1.133429220000000015e+00 9.053064023999999677e+01
1.134012500999999951e+00 9.121882560000000240e+01
1.134542485999999961e+00 9.168594622000000527e+01
1.135087769000000080e+00 9.170022813999999300e+01
1.135674626999999992e+00 9.245535725999999954e+01
1.136200139999999914e+00 9.259108417000000202e+01
1.136772692000000085e+00 9.287202686999999912e+01
1.137314896999999991e+00 9.351345770999999729e+01
1.137925545999999954e+00 9.362240712999999914e+01
1.138453345999999922e+00 9.392718250999999441e+01
1.138990084000000014e+00 9.421086662999999817e+01
1.139534623000000080e+00 9.484486026000000436e+01
1.140096744000000051e+00 9.545039617000000476e+01
1.140650570999999891e+00 9.493626457999999957e+01
1.141224811999999922e+00 9.525906259999999293e+01
1.141764731000000088e+00 9.613140961000000573e+01
1.142328591000000060e+00 9.676915280000000052e+01
1.142910778999999932e+00 9.712284044999999821e+01
1.143427750000000076e+00 9.759306506999999442e+01
1.144005318999999909e+00 9.731290943000000482e+01
1.144556115999999957e+00 9.816997521999999776e+01
1.145104528999999927e+00 9.838034840999999631e+01
1.145659546999999945e+00 9.879701803000000382e+01
1.146230311000000057e+00 9.922918993999999770e+01
1.146753093000000057e+00 9.875364165999999955e+01
1.147362253000000054e+00 9.947350369999999486e+01
1.147873560999999931e+00 1.002264131000000020e+02
1.148462257000000042e+00 1.005765635000000060e+02
1.148995071999999951e+00 1.008860257999999988e+02
1.149564693999999943e+00 1.006586912000000069e+02
1.150135110999999988e+00 1.014610966000000047e+02
1.150674234000000018e+00 1.017804102999999998e+02
1.151231539000000081e+00 1.021153324999999938e+02
1.151787302000000013e+00 1.025278988000000027e+02
1.152321111000000009e+00 1.029613353000000018e+02
1.152911594000000095e+00 1.032383250999999973e+02
1.153439890000000023e+00 1.032377945000000068e+02
1.153983286999999969e+00 1.036069224999999960e+02
1.154565971000000024e+00 1.041664997999999969e+02
1.155107579000000051e+00 1.046426229000000063e+02
1.155672282999999911e+00 1.039378387000000004e+02
1.156218361000000083e+00 1.048364945000000006e+02
1.156747650000000016e+00 1.055668447000000043e+02
1.157329094000000058e+00 1.059668092999999942e+02
1.157875667999999969e+00 1.062658366000000001e+02
1.158473601999999936e+00 1.062881835999999964e+02
1.158996782000000003e+00 1.063004138999999952e+02
1.159549316999999968e+00 1.067719031000000030e+02
1.160122168000000009e+00 1.074798531999999938e+02
1.160666557000000099e+00 1.079898814999999956e+02
1.161216360000000059e+00 1.073942588999999970e+02
1.161775897999999918e+00 1.080684719000000058e+02
1.162350140000000032e+00 1.087675698000000040e+02
1.162875753000000012e+00 1.091239369999999980e+02
1.163426599999999977e+00 1.094429942999999952e+02
1.164030990999999959e+00 1.095787212000000039e+02
1.164568078000000062e+00 1.097014838999999995e+02
1.165104123000000103e+00 1.100562239000000062e+02
1.165676227999999925e+00 1.105322496999999942e+02
1.166220169999999889e+00 1.110437459999999987e+02
1.166778169000000087e+00 1.100153767000000045e+02
1.167337558000000053e+00 1.109897222999999968e+02
1.167877577000000056e+00 1.117919684999999959e+02
1.168438357000000094e+00 1.122711072000000030e+02
1.168981355000000111e+00 1.126957357000000002e+02
1.169552267999999895e+00 1.130380332000000010e+02
1.170134805000000000e+00 1.129732029999999980e+02
1.170676312999999968e+00 1.136247505999999987e+02
1.171233318000000079e+00 1.137698160000000058e+02
1.171778105000000014e+00 1.140948779000000002e+02
1.172327957999999892e+00 1.145605129000000062e+02
1.172886552000000027e+00 1.146688874999999967e+02
1.173437697000000002e+00 1.149252723999999972e+02
1.173994999999999900e+00 1.151857693999999981e+02
1.174569390000000046e+00 1.156528811000000019e+02
1.175114374999999933e+00 1.161397134999999992e+02
1.175694229000000091e+00 1.156801362000000069e+02
1.176228684000000024e+00 1.161712840000000000e+02
1.176815590999999994e+00 1.168071259000000026e+02
1.177329681000000017e+00 1.172829926000000000e+02
1.177871488000000078e+00 1.176608224000000007e+02
1.178469619999999995e+00 1.174320639999999969e+02
1.179009737999999974e+00 1.181746974999999935e+02
1.179528794000000103e+00 1.184695064999999943e+02
1.180093150999999896e+00 1.186784470999999996e+02
1.180658501999999999e+00 1.190790396000000015e+02
1.181221666999999975e+00 1.194709390999999954e+02
1.181803208999999910e+00 1.193940908999999948e+02
1.182353458999999996e+00 1.195023063000000008e+02
1.182875397000000106e+00 1.199869719999999944e+02
1.183442238000000035e+00 1.205678970000000021e+02
1.184003912000000103e+00 1.210225752000000057e+02
1.184569559999999910e+00 1.204097612000000055e+02
1.185105703000000066e+00 1.212151733000000036e+02
1.185683570999999992e+00 1.217523948000000047e+02
1.186226470000000033e+00 1.220214785999999947e+02
1.186772449000000007e+00 1.222715405000000004e+02
1.187321010000000010e+00 1.222938343999999944e+02
1.187894009000000084e+00 1.226350795999999974e+02
1.188444159999999972e+00 1.229234595000000070e+02
1.188975039000000011e+00 1.232402440999999982e+02
1.189558866999999909e+00 1.236483268000000066e+02
1.190110109999999999e+00 1.234524566999999990e+02
1.190662346999999954e+00 1.240789689000000067e+02
1.191216669999999977e+00 1.243969737999999978e+02
1.191820365999999964e+00 1.243579129999999964e+02
1.192346177999999979e+00 1.244619100999999972e+02
1.192863645999999944e+00 1.248410575999999992e+02
1.193457109999999988e+00 1.246869808999999947e+02
1.194004975999999996e+00 1.253507587000000001e+02
1.194541418000000021e+00 1.258709037999999936e+02
1.195130709000000069e+00 1.260370427999999947e+02
1.195654237000000064e+00 1.262313919000000055e+02
1.196213823999999981e+00 1.263765015999999974e+02
1.196763478999999908e+00 1.265605659999999943e+02
1.197336876000000050e+00 1.269316926000000052e+02
1.197908383999999993e+00 1.268728758000000028e+02
1.198441746999999946e+00 1.274767757000000046e+02
1.198996069999999969e+00 1.280014485000000093e+02
1.199559432999999897e+00 1.277182861999999943e+02
1.200104717000000099e+00 1.282792341999999906e+02
1.200687848999999918e+00 1.281190467000000126e+02
1.201225481999999900e+00 1.288203555000000051e+02
1.201778414000000073e+00 1.292701786000000084e+02
1.202322208000000003e+00 1.291345578000000103e+02
1.202884279999999917e+00 1.295181269999999927e+02
1.203456386000000045e+00 1.298889972000000057e+02
1.203982098000000001e+00 1.296118481999999972e+02
1.204553806000000060e+00 1.302163318000000061e+02
1.205104353999999933e+00 1.306634665999999925e+02
1.205647750000000018e+00 1.310756083999999930e+02
1.206178031999999956e+00 1.313357340000000022e+02
1.206777058999999985e+00 1.316114061000000106e+02
1.207343204000000059e+00 1.312566218000000049e+02
1.207888587000000014e+00 1.315528988000000084e+02
1.208464466999999987e+00 1.320928086000000121e+02
1.209005378999999936e+00 1.320841157000000123e+02
1.209556126000000065e+00 1.325209744999999941e+02
1.210093461999999898e+00 1.328349734999999896e+02
1.210678480999999973e+00 1.324424372000000005e+02
1.211221679000000107e+00 1.329640590999999858e+02
1.211750670000000030e+00 1.334358135999999888e+02
1.212340855999999967e+00 1.337957180999999878e+02
1.212912266000000017e+00 1.340823557999999878e+02
1.213433409000000074e+00 1.342984682999999961e+02
1.213987533000000063e+00 1.341578863999999953e+02
1.214579108999999990e+00 1.341852475999999967e+02
1.215111180000000068e+00 1.344458419000000049e+02
1.215642853000000079e+00 1.348865032999999869e+02
1.216221516000000058e+00 1.351678175000000124e+02
1.216783289000000101e+00 1.354470710999999881e+02
1.217325393000000089e+00 1.356113176000000067e+02
1.217893722999999984e+00 1.357531111000000124e+02
1.218434833999999967e+00 1.358813565000000096e+02
1.219012304000000046e+00 1.355950813000000039e+02
1.219563050999999954e+00 1.357679765999999972e+02
1.220105253999999917e+00 1.361601944999999887e+02
1.220646464000000098e+00 1.366141298000000006e+02
1.221232775999999909e+00 1.369521647999999914e+02
1.221779748000000110e+00 1.372201431999999954e+02
1.222321653000000063e+00 1.373947187999999926e+02
1.222886109000000054e+00 1.375572763000000123e+02
1.223450863000000055e+00 1.377376972000000137e+02
1.224026446000000101e+00 1.378604067999999927e+02
1.224548581999999941e+00 1.378742731000000106e+02
1.225130622000000002e+00 1.378963017000000093e+02
1.225637062000000110e+00 1.378845489999999927e+02
1.226203802999999981e+00 1.379503343000000086e+02
1.226770147000000089e+00 1.380610789000000125e+02
1.227300131000000016e+00 1.382319137000000069e+02
1.227886840000000035e+00 1.383210453000000086e+02
1.228450102999999904e+00 1.383797117000000014e+02
1.229024990999999956e+00 1.383161371999999858e+02
1.229576731000000089e+00 1.381693473999999924e+02
1.230135127000000050e+00 1.379460099000000071e+02
1.230684880999999953e+00 1.377753342999999973e+02
1.231233342999999980e+00 1.375789865000000134e+02
1.231780711999999944e+00 1.373830102000000011e+02
1.232321723000000091e+00 1.371451874999999916e+02
1.232887271999999923e+00 1.369695507000000134e+02
1.233442091999999990e+00 1.367912345000000016e+02
1.234008833000000083e+00 1.370243702999999869e+02
1.234570210000000001e+00 1.372691615999999897e+02
1.235126519999999894e+00 1.375156862000000046e+02
1.235648159999999995e+00 1.377747593999999935e+02
1.236250067999999924e+00 1.379768464999999935e+02
1.236774886999999934e+00 1.383056491000000108e+02
1.237316792000000110e+00 1.385227165999999954e+02
1.237893863999999899e+00 1.387338149999999928e+02
1.238461001999999977e+00 1.389750158999999883e+02
1.239001516999999941e+00 1.393007676000000004e+02
1.239561303999999975e+00 1.396749540000000138e+02
1.240105892000000098e+00 1.400502547000000106e+02
1.240661408000000021e+00 1.403825415000000021e+02
1.241222486000000069e+00 1.399165262999999868e+02
1.241770153000000043e+00 1.404203290000000095e+02
1.242324277999999893e+00 1.410164820999999904e+02
1.242858532999999932e+00 1.409996710000000064e+02
1.243447527000000052e+00 1.414207710999999961e+02
1.244026089999999973e+00 1.417409868999999958e+02
1.244561239999999902e+00 1.413399611000000107e+02
1.245115761999999959e+00 1.417913760000000138e+02
1.245671277000000021e+00 1.423793048999999939e+02
1.246222122999999904e+00 1.428394127999999910e+02
1.246751909000000103e+00 1.431329040999999904e+02
1.247358089000000003e+00 1.426040572999999938e+02
1.247892940999999922e+00 1.430284293999999932e+02
1.248420840000000087e+00 1.435286504999999977e+02
1.249003276999999912e+00 1.433983976000000098e+02
1.249575778999999942e+00 1.440382543000000055e+02
1.250145102000000064e+00 1.442780845000000056e+02
1.250660682999999995e+00 1.444743703000000039e+02
1.251223251000000092e+00 1.445780579999999986e+02
1.251781846999999948e+00 1.442612646000000041e+02
1.252313121999999890e+00 1.448370692999999960e+02
1.252900526999999986e+00 1.452660310999999922e+02
1.253442431999999940e+00 1.456894481999999869e+02
1.253984337999999976e+00 1.458557993999999951e+02
1.254554455999999929e+00 1.457404740000000061e+02
1.255145237000000025e+00 1.459887937999999963e+02
1.255675222000000035e+00 1.462410576000000049e+02
1.256206697000000094e+00 1.465547382000000027e+02
1.256764894000000021e+00 1.470122107999999912e+02
1.257350111999999909e+00 1.468215581999999984e+02
1.257892216999999979e+00 1.473791280000000086e+02
1.258417432999999974e+00 1.466032348999999897e+02
1.259011791000000047e+00 1.471725044000000082e+02
1.259569590999999988e+00 1.476547471000000087e+02
1.260105237999999961e+00 1.481024123999999915e+02
1.260699000000000014e+00 1.479339564999999936e+02
1.261250441999999916e+00 1.481032614000000081e+02
1.261764332999999905e+00 1.483394481999999925e+02
1.262328391999999910e+00 1.487271383000000071e+02
1.262911126999999967e+00 1.487253962000000058e+02
1.263417865999999945e+00 1.491733798999999863e+02
1.264005567999999968e+00 1.493765812000000039e+02
1.264585022999999975e+00 1.495344428999999877e+02
1.265118881999999889e+00 1.497459215000000086e+02
1.265708272999999995e+00 1.495454616000000101e+02
1.266217098999999902e+00 1.497532967999999869e+02
1.266785030999999950e+00 1.500960187000000019e+02
1.267333492999999978e+00 1.505075769000000037e+02
1.267894869999999896e+00 1.506260682999999858e+02
1.268440550000000000e+00 1.507243791999999871e+02
1.269004510000000030e+00 1.508575768999999980e+02
1.269565091000000034e+00 1.509963635999999951e+02
1.270147031000000037e+00 1.511082135999999991e+02
1.270699567000000085e+00 1.513916324999999858e+02
1.271228159999999940e+00 1.514409162000000038e+02
1.271783179000000041e+00 1.514947894999999960e+02
1.272359358000000107e+00 1.516749540000000138e+02
1.272933847000000007e+00 1.512695065000000056e+02
1.273440982999999971e+00 1.517620781999999906e+02
1.273994709999999975e+00 1.521416500999999926e+02
1.274566021000000049e+00 1.523894923999999946e+02
1.275113688000000023e+00 1.524840537999999981e+02
1.275686885999999909e+00 1.518332402000000059e+02
1.276228394000000099e+00 1.523934983999999986e+02
1.276795233999999946e+00 1.527138644999999997e+02
1.277328398000000087e+00 1.528846463000000142e+02
1.277909344000000003e+00 1.517691969999999912e+02
1.278450655999999963e+00 1.524609107999999935e+02
1.279019877999999943e+00 1.530133692999999937e+02
1.279547578000000074e+00 1.533394835000000000e+02
